# based on Iceland and Gibraltar pressure, <a href="https://crudata.uea.ac.uk/cru/data/nao/">data description</a>
# file :: /home/oldenbor/climexp/data/inao_a.dat
# description :: NAO-Gibraltar
# olderfile :: ./data/inao.dat
# institution :: KNMI Climate Explorer and UAE/CRU
# author :: Tim Osborn
# reference :: Jones, P.D., J  nsson, T. and Wheeler, D., 1997: Extension to the North Atlantic Oscillation using early instrumental pressure observations from Gibraltar and South-West Iceland. Int. J. Climatol. 17, 1433-1450 http://dx.doi.org/10.1002/(SICI)1097-0088(19971115)17:13%3C1433::AID-JOC203%3E3.0.CO;2-P
# source :: https://crudata.uea.ac.uk/cru/data/nao/nao_3dp.dat
# comment :: \n
# history ::  2019-05-18  7:28:51 ./bin/plotdat data/inao_a.dat\n 2019-05-18  7:28:51 dat2nc ./data/inao_a.dat i NAO-Gibraltar_anomalies ./data/inao_a.nc\n 2019-05-16 12:57:19 ./bin/plotdat anomal ./data/inao.dat\n 2019-05-16 12:57:19 dat2nc ./data/inao.dat i NAO-Gibraltar ./data/inao.nc\nretrieved from UEA/CRU on Thu May 16 12:09:30 MEST 2019
# NAO [1] CRU North Atlantic Oscillation index
 1821.5000  -2.62475    
 1821.5834 -0.635310    
 1821.6666 -0.635310    # repeat last y to get nice gnuplot plot

 1822.1666   2.86991    
 1822.2500  -3.41866    
 1822.3334  0.883360    
 1822.4166 -0.406604    
 1822.5000  -4.04775    
 1822.5834 -0.682310    
 1822.6666 -0.802558    
 1822.7500  -1.49715    
 1822.8334  0.100792    
 1822.9166  -1.10411    
 1823.0000  -4.03170    
 1823.0834  -4.03170    # repeat last y to get nice gnuplot plot

 1823.3334   4.94636    
 1823.4166 -0.379604    
 1823.5000  0.579252    
 1823.5834   2.41069    
 1823.6666  0.958442    
 1823.7500 -0.885148    
 1823.8334 -0.606208    
 1823.9166 -0.572112    
 1824.0000 -0.806699    
 1824.0834 -0.494661    
 1824.1666  -1.55609    
 1824.2500   1.23034    
 1824.3334   1.63736    
 1824.4166  -3.48960    
 1824.5000  -2.74775    
 1824.5834 -0.567310    
 1824.6666  0.482442    
 1824.7500  0.482442    # repeat last y to get nice gnuplot plot

 1824.8334 -0.548208    
 1824.9166 -0.376112    
 1825.0000 -0.870699    
 1825.0834 -0.533661    
 1825.1666  0.208908    
 1825.2500 -0.507658    
 1825.3334  0.426360    
 1825.4166  0.865396    
 1825.5000 -0.919748    
 1825.5834  0.937690    
 1825.6666 -0.657558    
 1825.7500   2.48685    
 1825.8334   1.20979    
 1825.9166  -1.67511    
 1826.0000  -3.69370    
 1826.0834   4.13034    
 1826.1666  -1.09309    
 1826.2500   1.55034    
 1826.3334 -0.908640    
 1826.4166   1.29040    
 1826.5000   1.88625    
 1826.5834   2.22469    
 1826.6666 -0.465558    
 1826.7500  0.688852    
 1826.8334  -2.26021    
 1826.9166 -0.961112    
 1827.0000  -1.09170    
 1827.0834  -4.46166    
 1827.1666   1.71591    
 1827.2500  -1.05866    
 1827.3334   1.49136    
 1827.4166  0.380396    
 1827.5000   2.02125    
 1827.5834  -4.05031    
 1827.6666  0.214442    
 1827.7500  -2.51015    
 1827.8334  -1.26621    
 1827.9166   2.33189    
 1828.0000  0.623301    
 1828.0834 -0.379661    
 1828.1666 -0.301092    
 1828.2500 -0.189658    
 1828.3334  -1.29364    
 1828.4166 -0.874604    
 1828.5000  -4.40175    
 1828.5834  -3.03531    
 1828.6666  -2.49156    
 1828.7500  0.606852    
 1828.8334  -2.42021    
 1828.9166   2.66989    
 1829.0000  -3.12570    
 1829.0834 -0.425661    
 1829.1666  -2.65409    
 1829.2500 -0.108658    
 1829.3334   2.09436    
 1829.4166  0.359396    
 1829.5000  0.332253    
 1829.5834  0.280690    
 1829.6666   1.06644    
 1829.7500   1.21485    
 1829.8334 -0.181208    
 1829.9166 -0.795112    
 1830.0000  -2.97370    
 1830.0834  0.452339    
 1830.1666   3.46191    
 1830.2500   2.84834    
 1830.3334  0.249360    
 1830.4166 -0.393604    
 1830.5000   3.19025    
 1830.5834 -0.845310    
 1830.6666   2.32844    
 1830.7500   2.54585    
 1830.8334   2.34279    
 1830.9166  -3.50011    
 1831.0000  -3.55270    
 1831.0834  0.656339    
 1831.1666   1.36591    
 1831.2500  -3.37966    
 1831.3334  -2.17964    
 1831.4166 -0.901604    
 1831.5000   2.70925    
 1831.5834  -3.53731    
 1831.6666  -1.24156    
 1831.7500   1.35285    
 1831.8334  0.406792    
 1831.9166 -0.511220E-02
 1832.0000 -0.682699    
 1832.0834  0.833387E-01
 1832.1666   1.99991    
 1832.2500  -1.74466    
 1832.3334  -1.66864    
 1832.4166  -3.16260    
 1832.5000  -2.56875    
 1832.5834  0.428690    
 1832.6666   1.74144    
 1832.7500   2.75785    
 1832.8334  0.768792    
 1832.9166   2.95189    
 1833.0000  -1.00170    
 1833.0834   1.77734    
 1833.1666  -3.00509    
 1833.2500   1.78434    
 1833.3334  0.987360    
 1833.4166  -1.06760    
 1833.5000  0.126253    
 1833.5834  -2.23031    
 1833.6666 -0.640558    
 1833.7500  -1.23915    
 1833.8334   1.55479    
 1833.9166   3.80389    
 1834.0000   2.42330    
 1834.0834   1.91734    
 1834.1666   1.25191    
 1834.2500  -2.61166    
 1834.3334 -0.731640    
 1834.4166  0.727396    
 1834.5000 -0.728747    
 1834.5834  -1.35231    
 1834.6666 -0.331558    
 1834.7500  0.809852    
 1834.8334  -2.13321    
 1834.9166 -0.259112    
 1835.0000 -0.269699    
 1835.0834   2.62634    
 1835.1666   1.42091    
 1835.2500  -1.25566    
 1835.3334  0.876360    
 1835.4166  0.557396    
 1835.5000  0.570252    
 1835.5834   1.85669    
 1835.6666  0.577442    
 1835.7500  0.208852    
 1835.8334  -1.16021    
 1835.9166  -1.83411    
 1836.0000  0.823301    
 1836.0834 -0.689661    
 1836.1666   2.15991    
 1836.2500  0.642342    
 1836.3334  -1.20864    
 1836.4166   3.40240    
 1836.5000   4.32625    
 1836.5834   2.30569    
 1836.6666  -1.29756    
 1836.7500 -0.661148    
 1836.8334   2.18979    
 1836.9166  -1.78211    
 1837.0000  -1.80070    
 1837.0834   3.92534    
 1837.1666  -3.19509    
 1837.2500 -0.791658    
 1837.3334 -0.726640    
 1837.4166  -2.52460    
 1837.5000  -2.39875    
 1837.5834 -0.486310    
 1837.6666  0.458442    
 1837.7500   3.02285    
 1837.8334   1.49279    
 1837.9166  0.994888    
 1838.0000  -2.80470    
 1838.0834  -2.54966    
 1838.1666   1.11291    
 1838.2500 -0.843658    
 1838.3334  -1.86064    
 1838.4166   1.69240    
 1838.5000  0.109253    
 1838.5834  0.663690    
 1838.6666   1.74944    
 1838.7500   1.09385    
 1838.8334  -2.49521    
 1838.9166   2.18189    
 1839.0000  0.598301    
 1839.0834   3.45234    
 1839.1666  0.669908    
 1839.2500   1.17334    
 1839.3334 -0.643640    
 1839.4166  0.465396    
 1839.5000   1.13525    
 1839.5834 -0.452310    
 1839.6666   1.37944    
 1839.7500 -0.768148    
 1839.8334  -2.74421    
 1839.9166 -0.998112    
 1840.0000   2.32530    
 1840.0834  -1.14366    
 1840.1666  -3.17309    
 1840.2500  0.638342    
 1840.3334 -0.279640    
 1840.4166  0.370396    
 1840.5000   1.22625    
 1840.5834 -0.444310    
 1840.6666  0.747442    
 1840.7500  -1.99115    
 1840.8334  0.608792    
 1840.9166  -2.80111    
 1841.0000  -1.35070    
 1841.0834  -2.11666    
 1841.1666   2.28791    
 1841.2500   1.73934    
 1841.3334   1.94436    
 1841.4166 -0.158604    
 1841.5000 -0.625748    
 1841.5834   1.89369    
 1841.6666  -2.47556    
 1841.7500  -1.62715    
 1841.8334   1.90779    
 1841.9166 -0.157112    
 1842.0000   1.80330    
 1842.0834   3.51634    
 1842.1666   3.30791    
 1842.2500 -0.667658    
 1842.3334 -0.553640    
 1842.4166  -3.84560    
 1842.5000  -4.04775    
 1842.5834  0.535690    
 1842.6666  -3.50956    
 1842.7500  -3.22515    
 1842.8334  -2.51421    
 1842.9166  0.136888    
 1843.0000   2.34130    
 1843.0834  -4.24966    
 1843.1666  -1.40309    
 1843.2500   1.79334    
 1843.3334 -0.195640    
 1843.4166  -1.46960    
 1843.5000   3.26125    
 1843.5834   3.49769    
 1843.6666 -0.293558    
 1843.7500  -1.39215    
 1843.8334   1.02179    
 1843.9166   2.75789    
 1844.0000 -0.443699    
 1844.0834 -0.632661    
 1844.1666  0.974908    
 1844.2500   3.68234    
 1844.3334  -2.46964    
 1844.4166  0.332396    
 1844.5000  0.364253    
 1844.5834  -1.49431    
 1844.6666  -1.24556    
 1844.7500 -0.484148    
 1844.8334  0.131792    
 1844.9166  -2.27111    
 1845.0000  0.526301    
 1845.0834 -0.686661    
 1845.1666 -0.657092    
 1845.2500  0.332342    
 1845.3334 -0.677640    
 1845.4166   2.52040    
 1845.5000 -0.164747    
 1845.5834 -0.783310    
 1845.6666  0.604416E-01
 1845.7500   1.64785    
 1845.8334  0.637792    
 1845.9166  0.457888    
 1846.0000   1.61830    
 1846.0834 -0.113661    
 1846.1666   1.63391    
 1846.2500  -1.64866    
 1846.3334  0.487360    
 1846.4166   1.90240    
 1846.5000   2.83625    
 1846.5834 -0.790310    
 1846.6666 -0.894558    
 1846.7500  0.513852    
 1846.8334 -0.443208    
 1846.9166  -2.91611    
 1847.0000 -0.613699    
 1847.0834 -0.645661    
 1847.1666  -1.70309    
 1847.2500  0.938342    
 1847.3334   2.05836    
 1847.4166  0.195396    
 1847.5000  0.745252    
 1847.5834  0.636690    
 1847.6666 -0.345584E-01
 1847.7500  0.950852    
 1847.8334   2.60979    
 1847.9166   1.38989    
 1848.0000  -1.43670    
 1848.0834   1.02534    
 1848.1666  0.638908    
 1848.2500  -1.25466    
 1848.3334  0.986360    
 1848.4166  -1.32460    
 1848.5000   1.86625    
 1848.5834   2.14869    
 1848.6666  -2.25656    
 1848.7500  -1.93015    
 1848.8334 -0.691208    
 1848.9166   2.17789    
 1849.0000   1.77430    
 1849.0834   2.02234    
 1849.1666 -0.680092    
 1849.2500  -1.22166    
 1849.3334 -0.221640    
 1849.4166  -2.75460    
 1849.5000   1.20225    
 1849.5834  0.208690    
 1849.6666  -1.94456    
 1849.7500  0.427852    
 1849.8334  0.952792    
 1849.9166  -1.60811    
 1850.0000 -0.807699    
 1850.0834   3.38934    
 1850.1666  -2.33409    
 1850.2500  0.733342    
 1850.3334 -0.861639    
 1850.4166  0.858396    
 1850.5000  0.304253    
 1850.5834 -0.344310    
 1850.6666  -1.78756    
 1850.7500  -2.19515    
 1850.8334   2.54079    
 1850.9166   1.98789    
 1851.0000   2.64830    
 1851.0834  0.283339    
 1851.1666   1.38591    
 1851.2500  -1.88966    
 1851.3334  -1.23864    
 1851.4166  -1.16560    
 1851.5000  -5.39575    
 1851.5834   4.18669    
 1851.6666   2.14144    
 1851.7500   1.28285    
 1851.8334  -1.61821    
 1851.9166   1.37189    
 1852.0000  0.819301    
 1852.0834 -0.333661    
 1852.1666  -2.62009    
 1852.2500  -1.82866    
 1852.3334  0.540360    
 1852.4166  0.548396    
 1852.5000  -1.13475    
 1852.5834   2.45069    
 1852.6666  -1.73156    
 1852.7500  -1.14015    
 1852.8334 -0.779208    
 1852.9166  0.658888    
 1853.0000  0.663301    
 1853.0834  -4.78266    
 1853.1666 -0.439092    
 1853.2500  0.532342    
 1853.3334  -2.87764    
 1853.4166   1.54540    
 1853.5000   1.75925    
 1853.5834  -2.85431    
 1853.6666  0.674416E-01
 1853.7500  0.348522E-01
 1853.8334  0.660792    
 1853.9166  -4.65411    
 1854.0000  0.631301    
 1854.0834  0.979339    
 1854.1666   2.55491    
 1854.2500  0.648342    
 1854.3334  0.336360    
 1854.4166  0.397396    
 1854.5000  -1.91775    
 1854.5834 -0.525310    
 1854.6666   2.91044    
 1854.7500   1.61685    
 1854.8334  -1.41221    
 1854.9166   2.05089    
 1855.0000  -2.48570    
 1855.0834  -4.54966    
 1855.1666 -0.168092    
 1855.2500  0.753342    
 1855.3334  -1.98764    
 1855.4166   1.23840    
 1855.5000  -2.61375    
 1855.5834   3.32169    
 1855.6666   1.08144    
 1855.7500 -0.581148    
 1855.8334  -2.26721    
 1855.9166  -2.03111    
 1856.0000  -1.89570    
 1856.0834 -0.846661    
 1856.1666  -2.38409    
 1856.2500   1.77034    
 1856.3334 -0.407640    
 1856.4166   2.48840    
 1856.5000 -0.156747    
 1856.5834 -0.931310    
 1856.6666 -0.214558    
 1856.7500   1.62785    
 1856.8334  -1.54421    
 1856.9166 -0.595112    
 1857.0000  -1.33970    
 1857.0834   1.27234    
 1857.1666  0.969908    
 1857.2500  0.322342    
 1857.3334  0.125360    
 1857.4166  0.127396    
 1857.5000   5.36025    
 1857.5834  0.523690    
 1857.6666   1.50244    
 1857.7500  0.305852    
 1857.8334  -1.52721    
 1857.9166   3.13989    
 1858.0000   1.61830    
 1858.0834  -1.28866    
 1858.1666  -1.35409    
 1858.2500   1.00434    
 1858.3334  0.825360    
 1858.4166  0.215396    
 1858.5000  -1.57975    
 1858.5834 -0.433310    
 1858.6666   2.61644    
 1858.7500  -1.35715    
 1858.8334  -4.26221    
 1858.9166   2.63489    
 1859.0000   2.09130    
 1859.0834   1.62534    
 1859.1666   1.38291    
 1859.2500  -1.35266    
 1859.3334 -0.336640    
 1859.4166  0.397396    
 1859.5000   2.23625    
 1859.5834   1.32369    
 1859.6666  0.403442    
 1859.7500  -2.10515    
 1859.8334  0.441792    
 1859.9166  -1.67611    
 1860.0000  0.896301    
 1860.0834 -0.428661    
 1860.1666  0.964908    
 1860.2500 -0.601658    
 1860.3334  -1.21564    
 1860.4166  -1.86360    
 1860.5000  -2.27575    
 1860.5834 -0.647310    
 1860.6666 -0.629558    
 1860.7500   2.78785    
 1860.8334  -3.28921    
 1860.9166  -2.51411    
 1861.0000  -1.20470    
 1861.0834  0.593387E-01
 1861.1666   1.94191    
 1861.2500  -2.09166    
 1861.3334  -1.69064    
 1861.4166 -0.588604    
 1861.5000  0.729253    
 1861.5834   2.42069    
 1861.6666 -0.558558    
 1861.7500 -0.291148    
 1861.8334  -1.19921    
 1861.9166  -1.86511    
 1862.0000  0.504301    
 1862.0834  -2.00366    
 1862.1666  -2.37209    
 1862.2500  0.411342    
 1862.3334  0.943360    
 1862.4166  0.237396    
 1862.5000  -2.08475    
 1862.5834  -1.92631    
 1862.6666  -1.21156    
 1862.7500   2.25885    
 1862.8334 -0.342208    
 1862.9166   2.54789    
 1863.0000  0.474301    
 1863.0834   2.35234    
 1863.1666   1.76391    
 1863.2500   2.12234    
 1863.3334  -1.19364    
 1863.4166 -0.130604    
 1863.5000 -0.426747    
 1863.5834 -0.389310    
 1863.6666   2.75444    
 1863.7500 -0.861478E-01
 1863.8334   1.77379    
 1863.9166   1.80389    
 1864.0000   1.38330    
 1864.0834  -1.01566    
 1864.1666  -1.89609    
 1864.2500  0.334175E-02
 1864.3334  -1.53664    
 1864.4166   2.21740    
 1864.5000  0.503253    
 1864.5834 -0.701310    
 1864.6666   1.40844    
 1864.7500  -5.54715    
 1864.8334  0.156792    
 1864.9166  -1.13511    
 1865.0000 -0.498699    
 1865.0834  -1.16266    
 1865.1666  -1.15009    
 1865.2500  0.689342    
 1865.3334   1.16236    
 1865.4166   1.19340    
 1865.5000 -0.727475E-01
 1865.5834 -0.713310    
 1865.6666   3.52844    
 1865.7500  -2.15015    
 1865.8334  0.117918E-01
 1865.9166   2.20389    
 1866.0000   1.41030    
 1866.0834 -0.426613E-01
 1866.1666  -2.22109    
 1866.2500  -1.10766    
 1866.3334  -1.24364    
 1866.4166  0.270396    
 1866.5000  0.284253    
 1866.5834  0.278690    
 1866.6666   1.81144    
 1866.7500  0.477852    
 1866.8334   1.16279    
 1866.9166   1.76489    
 1867.0000  -2.81270    
 1867.0834   2.89034    
 1867.1666  -3.14509    
 1867.2500   2.84534    
 1867.3334  -2.05064    
 1867.4166 -0.744604    
 1867.5000  -1.77375    
 1867.5834   2.60769    
 1867.6666   1.42244    
 1867.7500   1.23885    
 1867.8334  -1.36121    
 1867.9166 -0.921112    
 1868.0000  0.811301    
 1868.0834   3.20934    
 1868.1666   2.82191    
 1868.2500   2.28334    
 1868.3334   1.64136    
 1868.4166   2.55640    
 1868.5000   1.20625    
 1868.5834   2.52369    
 1868.6666  -2.36356    
 1868.7500   2.37885    
 1868.8334 -0.682208    
 1868.9166   1.64389    
 1869.0000   2.60430    
 1869.0834   3.15534    
 1869.1666  -2.02909    
 1869.2500   2.38634    
 1869.3334  -1.68964    
 1869.4166 -0.255604    
 1869.5000  0.288253    
 1869.5834  0.653690    
 1869.6666  0.910442    
 1869.7500 -0.288148    
 1869.8334  0.942792    
 1869.9166  -1.06211    
 1870.0000 -0.325699    
 1870.0834  -2.72266    
 1870.1666  -2.19009    
 1870.2500   2.68634    
 1870.3334   1.84136    
 1870.4166   1.01540    
 1870.5000 -0.363747    
 1870.5834  -3.90131    
 1870.6666   2.00044    
 1870.7500   1.80385    
 1870.8334  -1.88921    
 1870.9166  -3.88911    
 1871.0000  0.293011E-01
 1871.0834  0.963339    
 1871.1666   1.02991    
 1871.2500 -0.547658    
 1871.3334  -2.20364    
 1871.4166 -0.910604    
 1871.5000   1.75125    
 1871.5834   3.69869    
 1871.6666  -1.64356    
 1871.7500 -0.389148    
 1871.8334  -3.56621    
 1871.9166 -0.552112    
 1872.0000  0.506301    
 1872.0834 -0.295661    
 1872.1666  -1.31709    
 1872.2500 -0.959658    
 1872.3334  0.312360    
 1872.4166  0.110396    
 1872.5000  -3.60675    
 1872.5834  -1.91731    
 1872.6666  -2.24056    
 1872.7500 -0.405148    
 1872.8334  0.817792    
 1872.9166  -1.45911    
 1873.0000   1.65330    
 1873.0834 -0.568661    
 1873.1666 -0.509092    
 1873.2500  -2.40066    
 1873.3334 -0.629640    
 1873.4166   1.23540    
 1873.5000 -0.124747    
 1873.5834   2.94569    
 1873.6666 -0.281558    
 1873.7500 -0.309148    
 1873.8334  -2.07921    
 1873.9166   1.63889    
 1874.0000  0.919301    
 1874.0834   1.32634    
 1874.1666   1.34791    
 1874.2500   2.75934    
 1874.3334  -1.55464    
 1874.4166 -0.305604    
 1874.5000  0.177253    
 1874.5834  0.328690    
 1874.6666   1.02744    
 1874.7500   1.36885    
 1874.8334 -0.192208    
 1874.9166  -2.49211    
 1875.0000   1.41530    
 1875.0834  -2.21166    
 1875.1666 -0.732092    
 1875.2500 -0.636658    
 1875.3334   1.18836    
 1875.4166   1.91140    
 1875.5000  -1.44075    
 1875.5834   1.21469    
 1875.6666  0.275442    
 1875.7500 -0.249148    
 1875.8334  -2.64921    
 1875.9166 -0.294112    
 1876.0000  0.452301    
 1876.0834  0.233865E-02
 1876.1666 -0.408092    
 1876.2500 -0.904658    
 1876.3334  -1.15664    
 1876.4166   2.16040    
 1876.5000   3.48025    
 1876.5834  0.523690    
 1876.6666  -2.32556    
 1876.7500  -1.68615    
 1876.8334  -2.19721    
 1876.9166  -1.49911    
 1877.0000   1.74430    
 1877.0834   1.21434    
 1877.1666 -0.564092    
 1877.2500  -2.53166    
 1877.3334  -1.43664    
 1877.4166  0.137396    
 1877.5000   1.17525    
 1877.5834  -2.32631    
 1877.6666  -3.44556    
 1877.7500   1.75785    
 1877.8334   2.21279    
 1877.9166   1.78889    
 1878.0000  0.535301    
 1878.0834   1.45734    
 1878.1666 -0.125092    
 1878.2500  0.215342    
 1878.3334  0.573360    
 1878.4166  -1.08660    
 1878.5000  -1.93375    
 1878.5834  -2.95131    
 1878.6666 -0.656558    
 1878.7500 -0.930148    
 1878.8334  -3.32421    
 1878.9166  -3.68011    
 1879.0000  -1.35170    
 1879.0834  0.110339    
 1879.1666 -0.201092    
 1879.2500 -0.132658    
 1879.3334  0.926360    
 1879.4166 -0.396040E-01
 1879.5000  -1.56775    
 1879.5834 -0.780310    
 1879.6666   2.19044    
 1879.7500  -1.37315    
 1879.8334  -3.22421    
 1879.9166  0.208888    
 1880.0000 -0.225699    
 1880.0834   1.17034    
 1880.1666 -0.550918E-01
 1880.2500   1.42634    
 1880.3334  -1.48964    
 1880.4166  0.908396    
 1880.5000  -1.89775    
 1880.5834 -0.918310    
 1880.6666   1.21344    
 1880.7500  -2.69715    
 1880.8334   1.34379    
 1880.9166  0.150888    
 1881.0000  -4.24170    
 1881.0834  -2.36066    
 1881.1666 -0.628092    
 1881.2500  -1.65566    
 1881.3334   1.11836    
 1881.4166  0.460396    
 1881.5000   2.09725    
 1881.5834 -0.683097E-01
 1881.6666  0.414416E-01
 1881.7500  -1.53215    
 1881.8334   4.48779    
 1881.9166   2.40089    
 1882.0000   2.42130    
 1882.0834   2.45134    
 1882.1666   3.48991    
 1882.2500 -0.656658    
 1882.3334 -0.381640    
 1882.4166 -0.185604    
 1882.5000   1.59625    
 1882.5834   1.56269    
 1882.6666  0.685442    
 1882.7500   1.15785    
 1882.8334   2.15679    
 1882.9166  -2.06411    
 1883.0000   1.02330    
 1883.0834   3.50734    
 1883.1666  -3.16109    
 1883.2500  0.647342    
 1883.3334 -0.241640    
 1883.4166  -1.28960    
 1883.5000  -2.24775    
 1883.5834   2.51269    
 1883.6666  0.758442    
 1883.7500   2.18885    
 1883.8334   2.51279    
 1883.9166  0.535888    
 1884.0000   2.67830    
 1884.0834  0.731339    
 1884.1666  0.749082E-01
 1884.2500  -2.59566    
 1884.3334  0.125360    
 1884.4166  0.955396    
 1884.5000 -0.804748    
 1884.5834   1.67169    
 1884.6666   1.89144    
 1884.7500  0.777852    
 1884.8334  -1.00621    
 1884.9166   1.57089    
 1885.0000  -1.44770    
 1885.0834 -0.653661    
 1885.1666  -1.18109    
 1885.2500  0.126342    
 1885.3334  0.618360    
 1885.4166   2.04740    
 1885.5000   3.07125    
 1885.5834  -1.51731    
 1885.6666   1.69244    
 1885.7500 -0.333148    
 1885.8334 -0.609208    
 1885.9166 -0.396112    
 1886.0000  -2.05070    
 1886.0834  -1.13066    
 1886.1666  0.444908    
 1886.2500  -1.60566    
 1886.3334 -0.370640    
 1886.4166 -0.714604    
 1886.5000  -1.58775    
 1886.5834   1.93669    
 1886.6666 -0.515583E-01
 1886.7500 -0.411478E-01
 1886.8334  0.698792    
 1886.9166 -0.246112    
 1887.0000   1.25330    
 1887.0834   1.28234    
 1887.1666 -0.965092    
 1887.2500  -2.33866    
 1887.3334  0.732360    
 1887.4166  0.513396    
 1887.5000  0.578252    
 1887.5834  -1.68331    
 1887.6666  -2.27056    
 1887.7500 -0.635148    
 1887.8334  -3.10421    
 1887.9166  -1.99511    
 1888.0000 -0.438699    
 1888.0834  -2.99566    
 1888.1666  -1.61309    
 1888.2500  -2.47866    
 1888.3334   1.26136    
 1888.4166  -1.24360    
 1888.5000 -0.574748E-02
 1888.5834   3.50669    
 1888.6666 -0.127558    
 1888.7500 -0.384148    
 1888.8334   2.84979    
 1888.9166  0.877888    
 1889.0000  0.530106E-02
 1889.0834 -0.942661    
 1889.1666 -0.409178E-02
 1889.2500  0.819342    
 1889.3334 -0.956396E-01
 1889.4166   2.34640    
 1889.5000  -1.03075    
 1889.5834   3.28469    
 1889.6666  -1.69356    
 1889.7500 -0.722148    
 1889.8334   2.84679    
 1889.9166   1.93289    
 1890.0000   3.67830    
 1890.0834  -2.11066    
 1890.1666  0.379908    
 1890.2500 -0.312658    
 1890.3334 -0.847640    
 1890.4166   1.68640    
 1890.5000  0.296253    
 1890.5834  0.497690    
 1890.6666   2.78744    
 1890.7500   1.35785    
 1890.8334   2.04879    
 1890.9166  -3.11611    
 1891.0000 -0.369699    
 1891.0834   2.06234    
 1891.1666  -1.29009    
 1891.2500  -1.15566    
 1891.3334  -1.47964    
 1891.4166  -3.28560    
 1891.5000 -0.541748    
 1891.5834   1.73169    
 1891.6666   2.57844    
 1891.7500  0.458522E-01
 1891.8334  -1.38221    
 1891.9166   2.48789    
 1892.0000  -1.41870    
 1892.0834  -2.95966    
 1892.1666  -1.65109    
 1892.2500  -1.37666    
 1892.3334 -0.272640    
 1892.4166 -0.156040E-01
 1892.5000  0.181253    
 1892.5834  0.662690    
 1892.6666   1.90144    
 1892.7500  -3.17815    
 1892.8334  0.962792    
 1892.9166  -1.42411    
 1893.0000  -2.25470    
 1893.0834   1.79634    
 1893.1666 -0.155092    
 1893.2500 -0.193658    
 1893.3334  0.662360    
 1893.4166 -0.104604    
 1893.5000  -1.49975    
 1893.5834 -0.163096E-01
 1893.6666 -0.678558    
 1893.7500  0.821852    
 1893.8334  -2.00521    
 1893.9166   1.49089    
 1894.0000  0.751301    
 1894.0834   3.20434    
 1894.1666   1.00391    
 1894.2500   1.74834    
 1894.3334  -1.08364    
 1894.4166   3.23340    
 1894.5000   1.17525    
 1894.5834  0.412690    
 1894.6666  -1.90456    
 1894.7500  -1.73915    
 1894.8334   2.10879    
 1894.9166  0.565888    
 1895.0000  -3.25470    
 1895.0834  -4.88166    
 1895.1666 -0.386092    
 1895.2500  0.138342    
 1895.3334  0.807360    
 1895.4166  0.258396    
 1895.5000   1.20625    
 1895.5834   1.22569    
 1895.6666   1.44344    
 1895.7500  -2.02315    
 1895.8334   2.07479    
 1895.9166 -0.345112    
 1896.0000 -0.869699    
 1896.0834   1.58634    
 1896.1666   1.26691    
 1896.2500   2.31134    
 1896.3334 -0.596640    
 1896.4166  0.189396    
 1896.5000   1.23025    
 1896.5834  -1.51331    
 1896.6666  0.889442    
 1896.7500  -2.26515    
 1896.8334 -0.400208    
 1896.9166   1.48689    
 1897.0000  -3.00670    
 1897.0834   2.57834    
 1897.1666   2.18791    
 1897.2500   4.05034    
 1897.3334 -0.227640    
 1897.4166 -0.965604    
 1897.5000 -0.497475E-01
 1897.5834   1.99569    
 1897.6666   1.69444    
 1897.7500 -0.951478E-01
 1897.8334  0.169792    
 1897.9166  0.978888    
 1898.0000   1.32930    
 1898.0834   1.15434    
 1898.1666  -2.45109    
 1898.2500   3.23134    
 1898.3334 -0.235640    
 1898.4166 -0.387604    
 1898.5000  -1.52775    
 1898.5834   3.06369    
 1898.6666  0.117442    
 1898.7500 -0.642148    
 1898.8334 -0.986208    
 1898.9166   2.76889    
 1899.0000  0.333011E-01
 1899.0834 -0.914661    
 1899.1666  -1.61609    
 1899.2500  0.352342    
 1899.3334 -0.736639    
 1899.4166  0.202396    
 1899.5000   2.45425    
 1899.5834  -1.62131    
 1899.6666  0.209442    
 1899.7500  0.382852    
 1899.8334   2.09279    
 1899.9166  -1.24111    
 1900.0000  0.731301    
 1900.0834  -3.10266    
 1900.1666  -3.23309    
 1900.2500   2.38034    
 1900.3334 -0.277640    
 1900.4166 -0.769604    
 1900.5000 -0.212747    
 1900.5834 -0.549310    
 1900.6666   1.27144    
 1900.7500 -0.631478E-01
 1900.8334  0.799792    
 1900.9166   3.13089    
 1901.0000  0.336301    
 1901.0834  -3.32066    
 1901.1666  -1.02509    
 1901.2500   2.30034    
 1901.3334 -0.415640    
 1901.4166  0.661396    
 1901.5000  -1.82975    
 1901.5834  0.646690    
 1901.6666  0.200442    
 1901.7500  0.368522E-01
 1901.8334  -1.57821    
 1901.9166  -1.75011    
 1902.0000  0.763301    
 1902.0834  -2.14666    
 1902.1666  0.382908    
 1902.2500  -1.36866    
 1902.3334  0.839360    
 1902.4166  -2.79860    
 1902.5000  -1.24575    
 1902.5834 -0.671310    
 1902.6666  -1.21956    
 1902.7500  0.382852    
 1902.8334  0.637918E-01
 1902.9166  0.901888    
 1903.0000  0.639301    
 1903.0834   4.12034    
 1903.1666   3.92791    
 1903.2500  -1.01966    
 1903.3334  0.432360    
 1903.4166  -2.34660    
 1903.5000  0.427253    
 1903.5834   3.18269    
 1903.6666  0.505442    
 1903.7500 -0.471478E-01
 1903.8334   1.19279    
 1903.9166  -1.46111    
 1904.0000   1.59030    
 1904.0834  0.463339    
 1904.1666 -0.817092    
 1904.2500   2.41234    
 1904.3334   2.04836    
 1904.4166 -0.418604    
 1904.5000 -0.457475E-01
 1904.5834  0.122690    
 1904.6666 -0.138558    
 1904.7500  0.543852    
 1904.8334  0.221792    
 1904.9166  0.514888    
 1905.0000   1.16130    
 1905.0834   1.34234    
 1905.1666   2.10691    
 1905.2500  -1.40466    
 1905.3334 -0.425640    
 1905.4166  -1.83060    
 1905.5000 -0.537475E-01
 1905.5834  0.474690    
 1905.6666  0.103442    
 1905.7500  -2.59515    
 1905.8334 -0.102208    
 1905.9166   1.47789    
 1906.0000   1.99330    
 1906.0834  0.511339    
 1906.1666 -0.368092    
 1906.2500   1.43334    
 1906.3334  -1.45064    
 1906.4166  -1.22160    
 1906.5000   1.28625    
 1906.5834 -0.108310    
 1906.6666  -1.04156    
 1906.7500  0.908852    
 1906.8334  0.850792    
 1906.9166 -0.340112    
 1907.0000  0.939301    
 1907.0834  0.478339    
 1907.1666   2.29391    
 1907.2500  0.846342    
 1907.3334  -1.12564    
 1907.4166   1.21840    
 1907.5000 -0.549748    
 1907.5834   1.72669    
 1907.6666  0.531442    
 1907.7500  -1.08715    
 1907.8334 -0.263208    
 1907.9166  0.811888    
 1908.0000 -0.469893E-02
 1908.0834   1.23434    
 1908.1666  0.617908    
 1908.2500  -1.98566    
 1908.3334   2.21136    
 1908.4166   1.28840    
 1908.5000  0.942525E-01
 1908.5834  0.110690    
 1908.6666   1.27344    
 1908.7500  0.746852    
 1908.8334 -0.582082E-01
 1908.9166   1.10289    
 1909.0000   1.17430    
 1909.0834  -1.28166    
 1909.1666  -2.21109    
 1909.2500 -0.176658    
 1909.3334 -0.628640    
 1909.4166 -0.896604    
 1909.5000   2.59425    
 1909.5834   1.85669    
 1909.6666  -1.00356    
 1909.7500   1.09685    
 1909.8334  -1.81421    
 1909.9166 -0.854112    
 1910.0000   1.92830    
 1910.0834   3.10234    
 1910.1666  0.430908    
 1910.2500 -0.148658    
 1910.3334  -1.20764    
 1910.4166 -0.619604    
 1910.5000  -1.63875    
 1910.5834 -0.184310    
 1910.6666 -0.861558    
 1910.7500  -1.05815    
 1910.8334 -0.722208    
 1910.9166 -0.470112    
 1911.0000  0.179301    
 1911.0834   1.31034    
 1911.1666  -1.52209    
 1911.2500 -0.474658    
 1911.3334   1.09036    
 1911.4166  0.873396    
 1911.5000  0.535253    
 1911.5834 -0.365310    
 1911.6666   1.82044    
 1911.7500  -1.37815    
 1911.8334  0.977918E-01
 1911.9166   2.64789    
 1912.0000  -1.55670    
 1912.0834 -0.916661    
 1912.1666   2.10691    
 1912.2500 -0.334658    
 1912.3334   1.99436    
 1912.4166 -0.526604    
 1912.5000  -1.41675    
 1912.5834 -0.425310    
 1912.6666  -2.22156    
 1912.7500  0.921852    
 1912.8334   1.36379    
 1912.9166   2.62589    
 1913.0000   1.18630    
 1913.0834  0.449339    
 1913.1666   2.61291    
 1913.2500   1.75434    
 1913.3334  0.671360    
 1913.4166   1.48340    
 1913.5000 -0.990748    
 1913.5834  0.155690    
 1913.6666  -2.40856    
 1913.7500 -0.976148    
 1913.8334   4.77379    
 1913.9166  0.859888    
 1914.0000 -0.666989E-01
 1914.0834   1.71034    
 1914.1666   1.59991    
 1914.2500   1.85234    
 1914.3334   2.48536    
 1914.4166   1.02540    
 1914.5000  -1.11075    
 1914.5834  0.477690    
 1914.6666  0.718442    
 1914.7500 -0.597148    
 1914.8334  -1.25721    
 1914.9166   1.85789    
 1915.0000 -0.560699    
 1915.0834   1.08034    
 1915.1666  -2.02509    
 1915.2500   2.67934    
 1915.3334  -2.17264    
 1915.4166  -1.84360    
 1915.5000  -1.18975    
 1915.5834  -1.78531    
 1915.6666  -1.65056    
 1915.7500 -0.485148    
 1915.8334  -2.36021    
 1915.9166  -1.01811    
 1916.0000   3.17830    
 1916.0834   1.28134    
 1916.1666  -3.95809    
 1916.2500  0.538342    
 1916.3334 -0.421640    
 1916.4166  -2.57860    
 1916.5000 -0.693748    
 1916.5834  -1.06631    
 1916.6666  -2.30156    
 1916.7500   2.70685    
 1916.8334 -0.431208    
 1916.9166  -2.17211    
 1917.0000  -3.72870    
 1917.0834  -2.33166    
 1917.1666 -0.327092    
 1917.2500  -1.14766    
 1917.3334  -1.29764    
 1917.4166   1.26340    
 1917.5000 -0.211747    
 1917.5834 -0.882310    
 1917.6666   2.75844    
 1917.7500   1.44185    
 1917.8334   2.12979    
 1917.9166  -3.16711    
 1918.0000  -1.12870    
 1918.0834   3.12934    
 1918.1666  0.249908    
 1918.2500  -2.14166    
 1918.3334  0.526360    
 1918.4166   1.76540    
 1918.5000  -1.97275    
 1918.5834   1.27069    
 1918.6666  0.119442    
 1918.7500   1.06585    
 1918.8334  0.412792    
 1918.9166   1.95389    
 1919.0000 -0.654699    
 1919.0834  -1.23366    
 1919.1666 -0.363092    
 1919.2500   1.48534    
 1919.3334   1.64136    
 1919.4166   2.31740    
 1919.5000  -1.32875    
 1919.5834   3.53569    
 1919.6666 -0.979558    
 1919.7500  -1.72915    
 1919.8334  -1.91821    
 1919.9166   2.48589    
 1920.0000   2.19730    
 1920.0834  0.648339    
 1920.1666   2.96391    
 1920.2500 -0.142658    
 1920.3334   1.05836    
 1920.4166  -1.16060    
 1920.5000   1.87425    
 1920.5834  -1.70931    
 1920.6666  0.700442    
 1920.7500 -0.642148    
 1920.8334   1.62979    
 1920.9166 -0.832112    
 1921.0000   2.55630    
 1921.0834 -0.673661    
 1921.1666   2.56391    
 1921.2500 -0.322658    
 1921.3334 -0.349640    
 1921.4166  -1.14660    
 1921.5000 -0.410747    
 1921.5834  -1.13831    
 1921.6666  -1.14256    
 1921.7500  0.287852    
 1921.8334  -1.07321    
 1921.9166   1.80689    
 1922.0000 -0.269890E-02
 1922.0834   2.23034    
 1922.1666 -0.345092    
 1922.2500  0.567342    
 1922.3334   2.65436    
 1922.4166   1.24440    
 1922.5000   1.79125    
 1922.5834 -0.402310    
 1922.6666 -0.136558    
 1922.7500  -3.44515    
 1922.8334  0.997918E-01
 1922.9166   1.10289    
 1923.0000   1.19130    
 1923.0834   2.02534    
 1923.1666 -0.216092    
 1923.2500  -1.41966    
 1923.3334  0.649360    
 1923.4166  0.987396    
 1923.5000   1.59225    
 1923.5834  0.236690    
 1923.6666   2.93144    
 1923.7500   1.84385    
 1923.8334  -1.81421    
 1923.9166  0.881888    
 1924.0000  0.217301    
 1924.0834  -2.36666    
 1924.1666  -1.99909    
 1924.2500  -1.17066    
 1924.3334 -0.259640    
 1924.4166  -1.63760    
 1924.5000  0.646253    
 1924.5834  0.566904E-01
 1924.6666  0.998442    
 1924.7500   1.00185    
 1924.8334 -0.582082E-01
 1924.9166   3.49289    
 1925.0000   3.58830    
 1925.0834   1.20634    
 1925.1666  -2.11809    
 1925.2500   2.35334    
 1925.3334   1.41136    
 1925.4166  -1.74260    
 1925.5000   1.36925    
 1925.5834  0.937690    
 1925.6666 -0.366558    
 1925.7500 -0.472148    
 1925.8334  -2.45021    
 1925.9166  -1.09111    
 1926.0000   1.05230    
 1926.0834   1.09834    
 1926.1666  0.445908    
 1926.2500   2.09734    
 1926.3334 -0.895640    
 1926.4166  -1.33660    
 1926.5000 -0.693748    
 1926.5834   1.56669    
 1926.6666   1.20944    
 1926.7500  -3.65215    
 1926.8334  0.271792    
 1926.9166 -0.877112    
 1927.0000   1.50430    
 1927.0834  0.350339    
 1927.1666   2.46291    
 1927.2500   1.16134    
 1927.3334  -1.73064    
 1927.4166  -1.14060    
 1927.5000 -0.160747    
 1927.5834   1.10669    
 1927.6666  -1.48456    
 1927.7500  -1.53315    
 1927.8334  -1.10421    
 1927.9166  -3.50511    
 1928.0000   2.39830    
 1928.0834   2.77134    
 1928.1666  -1.05609    
 1928.2500  0.858342    
 1928.3334  -2.60564    
 1928.4166  -1.43660    
 1928.5000   2.20825    
 1928.5834  -2.28731    
 1928.6666  -1.64056    
 1928.7500  0.652852    
 1928.8334   1.83179    
 1928.9166  0.738878E-01
 1929.0000  -1.89970    
 1929.0834 -0.474661    
 1929.1666 -0.595092    
 1929.2500  -4.03266    
 1929.3334  0.964360    
 1929.4166  0.397396    
 1929.5000  0.261253    
 1929.5834 -0.559310    
 1929.6666  0.543442    
 1929.7500  0.795852    
 1929.8334   2.30279    
 1929.9166   3.43289    
 1930.0000  0.861301    
 1930.0834  -1.34466    
 1930.1666 -0.816092    
 1930.2500  -2.36366    
 1930.3334   2.13436    
 1930.4166  0.903960E-01
 1930.5000  -1.30575    
 1930.5834   1.32069    
 1930.6666  -1.77856    
 1930.7500   1.39585    
 1930.8334   1.59379    
 1930.9166  0.837888    
 1931.0000 -0.731699    
 1931.0834  0.542339    
 1931.1666  -2.30109    
 1931.2500 -0.312658    
 1931.3334 -0.324640    
 1931.4166 -0.504604    
 1931.5000 -0.132747    
 1931.5834  -2.29631    
 1931.6666  -2.43956    
 1931.7500  0.397852    
 1931.8334   2.93479    
 1931.9166  0.398888    
 1932.0000   2.82530    
 1932.0834  -4.05166    
 1932.1666  -1.68409    
 1932.2500 -0.102658    
 1932.3334 -0.382640    
 1932.4166  -1.00160    
 1932.5000 -0.804748    
 1932.5834   1.68869    
 1932.6666 -0.645558    
 1932.7500  0.556852    
 1932.8334   1.12979    
 1932.9166  0.846888    
 1933.0000  0.769301    
 1933.0834  -2.55066    
 1933.1666   1.14191    
 1933.2500 -0.461658    
 1933.3334 -0.254640    
 1933.4166  -1.16560    
 1933.5000   2.61725    
 1933.5834   2.15869    
 1933.6666  -1.74056    
 1933.7500  -1.48515    
 1933.8334  -2.81821    
 1933.9166  -2.21211    
 1934.0000   2.62930    
 1934.0834 -0.257661    
 1934.1666  0.182908    
 1934.2500  -1.90366    
 1934.3334   1.70236    
 1934.4166  -2.03960    
 1934.5000  -1.17475    
 1934.5834   1.01269    
 1934.6666   2.78544    
 1934.7500   1.26785    
 1934.8334  -1.06721    
 1934.9166  0.950888    
 1935.0000  -1.14770    
 1935.0834   1.95434    
 1935.1666  0.272908    
 1935.2500 -0.639658    
 1935.3334  -2.91264    
 1935.4166   1.79240    
 1935.5000   2.02925    
 1935.5834  -1.04731    
 1935.6666  0.839442    
 1935.7500   1.38385    
 1935.8334   1.27779    
 1935.9166  -1.74211    
 1936.0000  -1.86970    
 1936.0834  -3.18266    
 1936.1666  -1.21309    
 1936.2500  -1.77266    
 1936.3334  -2.04064    
 1936.4166   1.21140    
 1936.5000   1.33825    
 1936.5834   2.17969    
 1936.6666 -0.525558    
 1936.7500   1.37885    
 1936.8334 -0.222082E-01
 1936.9166   2.00289    
 1937.0000   1.50030    
 1937.0834  0.981339    
 1937.1666  -2.13409    
 1937.2500   1.96034    
 1937.3334   2.60936    
 1937.4166  0.946396    
 1937.5000  0.185253    
 1937.5834 -0.214310    
 1937.6666  0.117442    
 1937.7500  -1.90715    
 1937.8334  -1.40421    
 1937.9166  -1.46411    
 1938.0000   1.99330    
 1938.0834 -0.144661    
 1938.1666   3.01691    
 1938.2500  -1.91266    
 1938.3334 -0.526396E-01
 1938.4166   1.42640    
 1938.5000   1.60025    
 1938.5834 -0.861310    
 1938.6666 -0.155836E-02
 1938.7500   2.38385    
 1938.8334   3.38579    
 1938.9166 -0.759112    
 1939.0000  -1.33370    
 1939.0834   2.16834    
 1939.1666 -0.144092    
 1939.2500 -0.466582E-01
 1939.3334 -0.609640    
 1939.4166 -0.941604    
 1939.5000 -0.442747    
 1939.5834  0.302690    
 1939.6666  -3.61256    
 1939.7500  -2.00715    
 1939.8334   1.68079    
 1939.9166  -1.43911    
 1940.0000  -2.91270    
 1940.0834  -1.67266    
 1940.1666 -0.839092    
 1940.2500  0.300342    
 1940.3334  0.403604E-01
 1940.4166 -0.743604    
 1940.5000  -1.20975    
 1940.5834 -0.192310    
 1940.6666 -0.806558    
 1940.7500  -1.38415    
 1940.8334   1.44879    
 1940.9166   1.08489    
 1941.0000  -4.14470    
 1941.0834  -1.16366    
 1941.1666  -1.40609    
 1941.2500  -3.17966    
 1941.3334 -0.247640    
 1941.4166  0.693396    
 1941.5000   1.07525    
 1941.5834  -1.09631    
 1941.6666 -0.676558    
 1941.7500 -0.699148    
 1941.8334  0.607918E-01
 1941.9166   1.06889    
 1942.0000  0.109301    
 1942.0834  -3.84066    
 1942.1666  -1.03509    
 1942.2500  -1.18066    
 1942.3334   1.11636    
 1942.4166  -1.64160    
 1942.5000  0.145253    
 1942.5834 -0.407310    
 1942.6666  0.424417E-01
 1942.7500  0.290852    
 1942.8334  -1.95621    
 1942.9166   1.10289    
 1943.0000  0.522301    
 1943.0834   2.03234    
 1943.1666 -0.900918E-01
 1943.2500   4.02534    
 1943.3334   2.46236    
 1943.4166   2.36940    
 1943.5000  0.542525E-01
 1943.5834 -0.670310    
 1943.6666 -0.360558    
 1943.7500  0.955852    
 1943.8334  0.231792    
 1943.9166 -0.759112    
 1944.0000   2.98930    
 1944.0834  -2.33466    
 1944.1666 -0.940092    
 1944.2500   1.06734    
 1944.3334  0.717360    
 1944.4166  -2.32060    
 1944.5000  -2.15975    
 1944.5834 -0.341310    
 1944.6666  0.647442    
 1944.7500 -0.325148    
 1944.8334  0.964792    
 1944.9166 -0.111112    
 1945.0000  -2.76570    
 1945.0834   3.93034    
 1945.1666   2.38991    
 1945.2500  0.917342    
 1945.3334 -0.543640    
 1945.4166  0.822396    
 1945.5000 -0.398747    
 1945.5834  -2.31931    
 1945.6666   1.68544    
 1945.7500  0.281852    
 1945.8334  -1.67221    
 1945.9166 -0.619112    
 1946.0000  0.764301    
 1946.0834  0.249339    
 1946.1666 -0.508092    
 1946.2500  0.416342    
 1946.3334  -2.40764    
 1946.4166   3.01140    
 1946.5000   2.65725    
 1946.5834  0.124690    
 1946.6666   2.26844    
 1946.7500  -1.53315    
 1946.8334  -1.10521    
 1946.9166  0.846888    
 1947.0000 -0.258699    
 1947.0834  -5.34266    
 1947.1666  -1.39709    
 1947.2500   6.42734    
 1947.3334 -0.907640    
 1947.4166  0.655396    
 1947.5000  0.185253    
 1947.5834  -1.57231    
 1947.6666   1.46744    
 1947.7500 -0.147820E-03
 1947.8334 -0.972082E-01
 1947.9166  -1.08711    
 1948.0000  0.889301    
 1948.0834 -0.866613E-01
 1948.1666   3.36291    
 1948.2500 -0.706658    
 1948.3334 -0.935640    
 1948.4166  0.189396    
 1948.5000  0.590253    
 1948.5834 -0.155310    
 1948.6666   1.11244    
 1948.7500  0.938852    
 1948.8334   2.78879    
 1948.9166  0.722888    
 1949.0000  0.851301    
 1949.0834   3.26634    
 1949.1666  -1.07509    
 1949.2500   3.17534    
 1949.3334  -1.09964    
 1949.4166  -1.05160    
 1949.5000 -0.935748    
 1949.5834  0.892690    
 1949.6666  -1.51956    
 1949.7500   1.88285    
 1949.8334  0.691792    
 1949.9166 -0.259112    
 1950.0000 -0.956989E-01
 1950.0834   2.56134    
 1950.1666  0.696908    
 1950.2500   1.37334    
 1950.3334  -1.43564    
 1950.4166   1.71740    
 1950.5000 -0.872747    
 1950.5834 -0.767310    
 1950.6666   1.79744    
 1950.7500   1.28685    
 1950.8334  0.931792    
 1950.9166  -2.25211    
 1951.0000  0.173301    
 1951.0834  0.185339    
 1951.1666  -2.13009    
 1951.2500 -0.682658    
 1951.3334  -1.81864    
 1951.4166 -0.705604    
 1951.5000   1.10325    
 1951.5834  0.353690    
 1951.6666  0.674416E-01
 1951.7500  0.371852    
 1951.8334 -0.814208    
 1951.9166   2.17389    
 1952.0000  0.274301    
 1952.0834 -0.598661    
 1952.1666  -1.25909    
 1952.2500   2.55734    
 1952.3334 -0.649640    
 1952.4166  0.474396    
 1952.5000 -0.792747    
 1952.5834  -1.54631    
 1952.6666  -2.72656    
 1952.7500  0.920852    
 1952.8334  -1.35521    
 1952.9166 -0.679112    
 1953.0000 -0.668699    
 1953.0834 -0.208661    
 1953.1666   1.13291    
 1953.2500  -1.82766    
 1953.3334 -0.450640    
 1953.4166  -2.50860    
 1953.5000  0.125253    
 1953.5834   2.76769    
 1953.6666   1.03644    
 1953.7500   1.27385    
 1953.8334   3.40079    
 1953.9166 -0.218112    
 1954.0000 -0.546699    
 1954.0834 -0.170661    
 1954.1666 -0.411092    
 1954.2500 -0.496658    
 1954.3334 -0.613640    
 1954.4166 -0.486604    
 1954.5000  0.876252    
 1954.5834  -1.08631    
 1954.6666   2.78244    
 1954.7500   2.59785    
 1954.8334   1.68779    
 1954.9166   1.07389    
 1955.0000  -1.81470    
 1955.0834  -2.95866    
 1955.1666  -3.01409    
 1955.2500   2.16634    
 1955.3334  0.628360    
 1955.4166  0.273396    
 1955.5000  -1.32575    
 1955.5834  0.466903E-01
 1955.6666   1.11244    
 1955.7500  -1.84715    
 1955.8334  -1.98921    
 1955.9166  0.139888    
 1956.0000  -1.40170    
 1956.0834  -3.70166    
 1956.1666 -0.108092    
 1956.2500  -2.13566    
 1956.3334   4.83936    
 1956.4166   1.71840    
 1956.5000  0.352253    
 1956.5834  -3.64131    
 1956.6666 -0.221558    
 1956.7500   1.74085    
 1956.8334   1.53779    
 1956.9166   2.20189    
 1957.0000   1.88830    
 1957.0834  0.331339    
 1957.1666  0.300908    
 1957.2500 -0.850658    
 1957.3334 -0.540640    
 1957.4166 -0.347604    
 1957.5000 -0.482747    
 1957.5834  0.211690    
 1957.6666  -1.26656    
 1957.7500   1.57785    
 1957.8334  -1.43421    
 1957.9166 -0.490112    
 1958.0000 -0.273699    
 1958.0834 -0.772661    
 1958.1666  -1.39609    
 1958.2500   1.56134    
 1958.3334   1.39636    
 1958.4166 -0.981604    
 1958.5000 -0.203747    
 1958.5834  0.487690    
 1958.6666  0.554416E-01
 1958.7500   2.15285    
 1958.8334  0.576792    
 1958.9166  -2.06611    
 1959.0000  -1.79370    
 1959.0834   1.71634    
 1959.1666   1.69991    
 1959.2500   1.27734    
 1959.3334  -1.92264    
 1959.4166   1.96240    
 1959.5000  0.292253    
 1959.5834 -0.474310    
 1959.6666  -1.51956    
 1959.7500   2.01285    
 1959.8334  0.111792    
 1959.9166   1.61089    
 1960.0000  -1.34470    
 1960.0834  -1.74366    
 1960.1666 -0.992092    
 1960.2500   1.69634    
 1960.3334  0.361360    
 1960.4166  0.473960E-01
 1960.5000  0.181253    
 1960.5834  -2.33131    
 1960.6666  0.524442    
 1960.7500  -2.57715    
 1960.8334   1.55279    
 1960.9166  0.858878E-01
 1961.0000  0.820301    
 1961.0834   3.31834    
 1961.1666   1.96391    
 1961.2500  0.481342    
 1961.3334 -0.645640    
 1961.4166   2.58340    
 1961.5000  0.630252    
 1961.5834   2.88969    
 1961.6666   2.29444    
 1961.7500   1.50885    
 1961.8334  -2.00321    
 1961.9166  -2.09311    
 1962.0000   1.79730    
 1962.0834  0.283387E-01
 1962.1666  -3.89409    
 1962.2500  0.509342    
 1962.3334  0.194360    
 1962.4166   1.86240    
 1962.5000  -2.09975    
 1962.5834   1.78669    
 1962.6666  0.311442    
 1962.7500  0.161852    
 1962.8334  -2.08321    
 1962.9166  -1.03111    
 1963.0000  -4.72970    
 1963.0834  -2.64766    
 1963.1666   2.66991    
 1963.2500 -0.692658    
 1963.3334   2.20236    
 1963.4166  -1.31460    
 1963.5000 -0.653747    
 1963.5834  -1.45431    
 1963.6666   1.22844    
 1963.7500   3.29585    
 1963.8334 -0.220817E-02
 1963.9166  -3.45811    
 1964.0000  0.287301    
 1964.0834 -0.876661    
 1964.1666 -0.886092    
 1964.2500  0.718342    
 1964.3334   2.80836    
 1964.4166  -1.39660    
 1964.5000   2.43825    
 1964.5834  -2.95531    
 1964.6666  0.789442    
 1964.7500   1.14085    
 1964.8334   1.48279    
 1964.9166  -1.60911    
 1965.0000 -0.634699    
 1965.0834  -3.77166    
 1965.1666  0.115908    
 1965.2500   1.90534    
 1965.3334  0.213360    
 1965.4166   1.32840    
 1965.5000  -1.71075    
 1965.5834   1.10069    
 1965.6666 -0.721558    
 1965.7500 -0.752148    
 1965.8334  -1.63321    
 1965.9166  0.865888    
 1966.0000  -1.65370    
 1966.0834  -1.12066    
 1966.1666  0.928908    
 1966.2500  0.951342    
 1966.3334   1.80136    
 1966.4166   1.27840    
 1966.5000  -1.99275    
 1966.5834  -2.52631    
 1966.6666 -0.179558    
 1966.7500  -2.38715    
 1966.8334  0.767918E-01
 1966.9166   1.31289    
 1967.0000 -0.603699    
 1967.0834  0.953339    
 1967.1666   2.88391    
 1967.2500 -0.995658    
 1967.3334 -0.161640    
 1967.4166   2.41440    
 1967.5000   1.43725    
 1967.5834 -0.902310    
 1967.6666  0.610442    
 1967.7500   1.84185    
 1967.8334 -0.755208    
 1967.9166 -0.897112    
 1968.0000   1.00230    
 1968.0834  -2.27866    
 1968.1666  0.224908    
 1968.2500 -0.938658    
 1968.3334  -1.20864    
 1968.4166   1.40340    
 1968.5000  -1.95675    
 1968.5834  -1.94431    
 1968.6666  0.789442    
 1968.7500  0.533852    
 1968.8334  -1.85021    
 1968.9166  -2.09911    
 1969.0000  -2.28270    
 1969.0834  -3.90866    
 1969.1666  -1.93009    
 1969.2500  0.881342    
 1969.3334  0.683604E-01
 1969.4166 -0.718604    
 1969.5000   3.69425    
 1969.5834  -2.10931    
 1969.6666  0.674442    
 1969.7500   1.20985    
 1969.8334  -1.12721    
 1969.9166 -0.634112    
 1970.0000  -1.80970    
 1970.0834  0.356339    
 1970.1666  -1.89809    
 1970.2500   2.29334    
 1970.3334   2.16236    
 1970.4166  0.349396    
 1970.5000  0.264253    
 1970.5834 -0.688310    
 1970.6666  0.759442    
 1970.7500  0.505852    
 1970.8334  0.913792    
 1970.9166  -1.95211    
 1971.0000  -1.07870    
 1971.0834  0.468339    
 1971.1666  -1.87409    
 1971.2500  -3.38366    
 1971.3334 -0.320640    
 1971.4166 -0.869604    
 1971.5000  -1.03875    
 1971.5834 -0.418310    
 1971.6666 -0.252558    
 1971.7500   2.13385    
 1971.8334  -1.31021    
 1971.9166  0.385888    
 1972.0000  -1.16670    
 1972.0834 -0.946661    
 1972.1666  0.143908    
 1972.2500 -0.126583E-01
 1972.3334   1.53036    
 1972.4166   1.52040    
 1972.5000  0.407253    
 1972.5834 -0.381310    
 1972.6666  -3.82456    
 1972.7500  -1.22915    
 1972.8334  0.793792    
 1972.9166   1.73689    
 1973.0000  0.728301    
 1973.0834  0.472339    
 1973.1666  0.918908    
 1973.2500  -2.83766    
 1973.3334  0.667360    
 1973.4166   1.28540    
 1973.5000  -1.85375    
 1973.5834   1.82769    
 1973.6666 -0.503558    
 1973.7500 -0.523148    
 1973.8334 -0.113208    
 1973.9166  -2.02411    
 1974.0000   3.10430    
 1974.0834 -0.616613E-01
 1974.1666 -0.930092    
 1974.2500  -2.52866    
 1974.3334  0.286360    
 1974.4166  0.311396    
 1974.5000   2.07325    
 1974.5834  0.395690    
 1974.6666  0.404442    
 1974.7500 -0.934148    
 1974.8334   1.42079    
 1974.9166   2.69089    
 1975.0000   1.78630    
 1975.0834 -0.347661    
 1975.1666  -1.37409    
 1975.2500  -1.07666    
 1975.3334  -2.12764    
 1975.4166  0.635396    
 1975.5000  0.630252    
 1975.5834 -0.411310    
 1975.6666   2.03844    
 1975.7500  0.900852    
 1975.8334   1.01079    
 1975.9166  -1.94211    
 1976.0000  0.107301    
 1976.0834  0.550339    
 1976.1666   1.75691    
 1976.2500  -1.76266    
 1976.3334   1.49436    
 1976.4166   2.21940    
 1976.5000 -0.573748    
 1976.5834  0.131690    
 1976.6666  -3.17456    
 1976.7500 -0.129148    
 1976.8334   1.65179    
 1976.9166  -3.99911    
 1977.0000  -3.00470    
 1977.0834 -0.466661    
 1977.1666   1.20791    
 1977.2500  0.841342    
 1977.3334  -1.32264    
 1977.4166 -0.431604    
 1977.5000  -1.13875    
 1977.5834  -1.91431    
 1977.6666   1.92944    
 1977.7500  0.956852    
 1977.8334  0.524792    
 1977.9166 -0.621112    
 1978.0000 -0.189699    
 1978.0834  -2.73666    
 1978.1666   2.97991    
 1978.2500  -3.35166    
 1978.3334  0.666360    
 1978.4166  0.600396    
 1978.5000 -0.327747    
 1978.5834 -0.446310    
 1978.6666   2.25144    
 1978.7500  0.524852    
 1978.8334   4.05979    
 1978.9166  -2.44811    
 1979.0000  -3.86170    
 1979.0834  -1.36266    
 1979.1666  0.425908    
 1979.2500  -1.01866    
 1979.3334   1.29136    
 1979.4166  0.901396    
 1979.5000   2.52625    
 1979.5834  -1.34231    
 1979.6666   1.41344    
 1979.7500  -1.44315    
 1979.8334   2.10279    
 1979.9166   1.70489    
 1980.0000  -2.44770    
 1980.0834 -0.416613E-01
 1980.1666 -0.800092    
 1980.2500 -0.199658    
 1980.3334  -1.96864    
 1980.4166  0.250396    
 1980.5000 -0.907748    
 1980.5834 -0.196310    
 1980.6666   2.00544    
 1980.7500 -0.363148    
 1980.8334  -1.91121    
 1980.9166   1.17589    
 1981.0000  0.360301    
 1981.0834  0.293339    
 1981.1666 -0.108092    
 1981.2500  -3.26766    
 1981.3334  0.340360    
 1981.4166  -1.11760    
 1981.5000   1.73925    
 1981.5834  0.518690    
 1981.6666  0.557442    
 1981.7500 -0.552148    
 1981.8334   1.80779    
 1981.9166  -2.56911    
 1982.0000  -1.36270    
 1982.0834   1.50934    
 1982.1666   1.54391    
 1982.2500  -1.21866    
 1982.3334   1.39436    
 1982.4166  -1.40460    
 1982.5000 -0.653747    
 1982.5834  0.957690    
 1982.6666   1.36844    
 1982.7500  0.828852    
 1982.8334   1.86279    
 1982.9166   2.27389    
 1983.0000   4.17930    
 1983.0834  -1.99466    
 1983.1666   1.66991    
 1983.2500  -1.23966    
 1983.3334 -0.272640    
 1983.4166  0.998396    
 1983.5000 -0.752747    
 1983.5834  0.686903E-01
 1983.6666 -0.361558    
 1983.7500   2.56485    
 1983.8334  -2.13021    
 1983.9166  0.462888    
 1984.0000   1.88930    
 1984.0834  0.988339    
 1984.1666  -2.24109    
 1984.2500  0.963418E-01
 1984.3334  -2.04864    
 1984.4166  0.782396    
 1984.5000  0.932253    
 1984.5834  0.503690    
 1984.6666  -1.02456    
 1984.7500   2.16985    
 1984.8334  -1.01421    
 1984.9166   1.14489    
 1985.0000  -3.51370    
 1985.0834 -0.985661    
 1985.1666 -0.490918E-01
 1985.2500  0.109342    
 1985.3334  -1.83364    
 1985.4166 -0.620604    
 1985.5000   1.09125    
 1985.5834   1.83669    
 1985.6666  0.292442    
 1985.7500  0.649852    
 1985.8334  -2.70321    
 1985.9166 -0.804112    
 1986.0000  0.811301    
 1986.0834  -4.76766    
 1986.1666   2.74491    
 1986.2500  -1.16666    
 1986.3334   2.45336    
 1986.4166 -0.832604    
 1986.5000  0.876252    
 1986.5834  -2.69931    
 1986.6666  -1.04656    
 1986.7500   2.77785    
 1986.8334   3.55879    
 1986.9166   3.05289    
 1987.0000  -2.76070    
 1987.0834 -0.981661    
 1987.1666  0.167908    
 1987.2500   2.36134    
 1987.3334 -0.517640    
 1987.4166 -0.121604    
 1987.5000  -1.24575    
 1987.5834  -3.48231    
 1987.6666   1.55744    
 1987.7500 -0.293148    
 1987.8334 -0.516208    
 1987.9166  -1.17511    
 1988.0000 -0.116699    
 1988.0834 -0.851661    
 1988.1666  0.659908    
 1988.2500  -2.62466    
 1988.3334 -0.945640    
 1988.4166  -2.29160    
 1988.5000   1.46125    
 1988.5834  0.239690    
 1988.6666   1.09344    
 1988.7500  -1.51515    
 1988.8334  -1.32321    
 1988.9166   1.47989    
 1989.0000   2.89030    
 1989.0834   2.86534    
 1989.1666   2.33091    
 1989.2500 -0.709658    
 1989.3334   1.45236    
 1989.4166 -0.706040E-01
 1989.5000  0.575252    
 1989.5834   1.26669    
 1989.6666 -0.666558    
 1989.7500   1.38085    
 1989.8334  -2.82121    
 1989.9166  -2.60211    
 1990.0000   2.85430    
 1990.0834   4.36734    
 1990.1666   2.99691    
 1990.2500   1.53834    
 1990.3334 -0.899640    
 1990.4166  0.872396    
 1990.5000   1.42925    
 1990.5834   2.81369    
 1990.6666 -0.699558    
 1990.7500 -0.871478E-01
 1990.8334  -1.32921    
 1990.9166 -0.271122E-01
 1991.0000   1.22430    
 1991.0834 -0.764661    
 1991.1666  -1.48409    
 1991.2500   1.25334    
 1991.3334  0.254360    
 1991.4166  0.140396    
 1991.5000 -0.279747    
 1991.5834   2.21369    
 1991.6666 -0.827558    
 1991.7500  -1.26215    
 1991.8334   1.82679    
 1991.9166  0.865888    
 1992.0000  0.301063E-03
 1992.0834   2.43934    
 1992.1666   1.54091    
 1992.2500   1.08634    
 1992.3334   1.09036    
 1992.4166  -1.28460    
 1992.5000   1.04325    
 1992.5834   3.47669    
 1992.6666   1.28244    
 1992.7500  -2.82815    
 1992.8334   4.67179    
 1992.9166 -0.159112    
 1993.0000   3.26430    
 1993.0834 -0.633661    
 1993.1666   1.35391    
 1993.2500  0.599342    
 1993.3334  -2.29864    
 1993.4166  0.616396    
 1993.5000  0.634252    
 1993.5834  0.258690    
 1993.6666  -2.31356    
 1993.7500  -3.62315    
 1993.8334  0.924792    
 1993.9166   1.80389    
 1994.0000  0.636301    
 1994.0834 -0.672661    
 1994.1666   3.55791    
 1994.2500   1.14534    
 1994.3334  -1.13964    
 1994.4166   3.44040    
 1994.5000 -0.897475E-01
 1994.5834  -2.07831    
 1994.6666  -2.56256    
 1994.7500  -1.37015    
 1994.8334   1.83279    
 1994.9166   2.48589    
 1995.0000   2.05130    
 1995.0834   2.38834    
 1995.1666  0.938908    
 1995.2500  -2.04066    
 1995.3334 -0.686396E-01
 1995.4166  -2.90360    
 1995.5000 -0.959747    
 1995.5834  -1.82331    
 1995.6666  -1.25656    
 1995.7500   1.72785    
 1995.8334  -2.57821    
 1995.9166  -3.70311    
 1996.0000  -3.91470    
 1996.0834 -0.860661    
 1996.1666  -2.68809    
 1996.2500 -0.539658    
 1996.3334  -1.20164    
 1996.4166   1.88140    
 1996.5000   1.46525    
 1996.5834 -0.683310    
 1996.6666  -1.94356    
 1996.7500  0.437852    
 1996.8334  0.997918E-01
 1996.9166  -5.07411    
 1997.0000  -2.59070    
 1997.0834   4.51334    
 1997.1666   1.96991    
 1997.2500  -1.20066    
 1997.3334  -1.05064    
 1997.4166  -3.59360    
 1997.5000   1.17925    
 1997.5834   1.28469    
 1997.6666 -0.384558    
 1997.7500  -1.75315    
 1997.8334 -0.842208    
 1997.9166 -0.572112    
 1998.0000 -0.926699    
 1998.0834   1.69234    
 1998.1666   1.12291    
 1998.2500 -0.619658    
 1998.3334 -0.968640    
 1998.4166 -0.390604    
 1998.5000 -0.573748    
 1998.5834   1.30469    
 1998.6666  -3.18956    
 1998.7500   1.85085    
 1998.8334   1.27679    
 1998.9166   1.57689    
 1999.0000  0.257301    
 1999.0834   1.05434    
 1999.1666 -0.843092    
 1999.2500  0.197342    
 1999.3334   1.32336    
 1999.4166   1.84040    
 1999.5000  -1.84575    
 1999.5834  -4.16331    
 1999.6666 -0.222558    
 1999.7500 -0.185148    
 1999.8334  0.450792    
 1999.9166   1.75789    
 2000.0000 -0.299699    
 2000.0834   3.62934    
 2000.1666  0.417908    
 2000.2500  -3.57466    
 2000.3334  0.607360    
 2000.4166   1.34840    
 2000.5000  -2.98675    
 2000.5834  0.289690    
 2000.6666 -0.808558    
 2000.7500   1.87585    
 2000.8334 -0.852082E-01
 2000.9166  -1.78311    
 2001.0000 -0.625699    
 2001.0834 -0.676661    
 2001.1666 -0.799092    
 2001.2500   1.01234    
 2001.3334  0.200360    
 2001.4166 -0.873604    
 2001.5000  -1.12275    
 2001.5834   1.14569    
 2001.6666  -3.54556    
 2001.7500   1.38185    
 2001.8334  0.159792    
 2001.9166  -2.62011    
 2002.0000   1.66830    
 2002.0834   2.26134    
 2002.1666 -0.280918E-01
 2002.2500  0.673342    
 2002.3334  0.243360    
 2002.4166   1.35340    
 2002.5000 -0.709747    
 2002.5834  -1.10231    
 2002.6666  -3.28956    
 2002.7500 -0.996148    
 2002.8334 -0.123208    
 2002.9166  -1.35411    
 2003.0000 -0.494699    
 2003.0834  0.594339    
 2003.1666  0.958908    
 2003.2500  -1.97266    
 2003.3334   1.46136    
 2003.4166 -0.399604    
 2003.5000  0.852525E-01
 2003.5834  -1.47931    
 2003.6666  0.638442    
 2003.7500  -3.17515    
 2003.8334  0.463792    
 2003.9166  -1.22111    
 2004.0000 -0.447699    
 2004.0834  -1.97766    
 2004.1666  0.951908    
 2004.2500  0.849342    
 2004.3334 -0.371640    
 2004.4166  0.703960E-01
 2004.5000 -0.295747    
 2004.5834  -1.24931    
 2004.6666   2.79844    
 2004.7500  -1.67215    
 2004.8334 -0.394208    
 2004.9166  0.899888    
 2005.0000   1.17930    
 2005.0834  -2.99066    
 2005.1666  -1.41209    
 2005.2500  0.480342    
 2005.3334  0.165360    
 2005.4166 -0.549604    
 2005.5000 -0.847475E-01
 2005.5834  0.445690    
 2005.6666  0.790442    
 2005.7500  0.518522E-01
 2005.8334 -0.863208    
 2005.9166  -1.18411    
 2006.0000 -0.744699    
 2006.0834  -1.98366    
 2006.1666  -1.23609    
 2006.2500  0.340342    
 2006.3334  0.743604E-01
 2006.4166  0.413960E-01
 2006.5000  0.829252    
 2006.5834  -2.96231    
 2006.6666 -0.732558    
 2006.7500  -1.46615    
 2006.8334   2.15479    
 2006.9166   2.66089    
 2007.0000   1.11830    
 2007.0834 -0.324661    
 2007.1666   1.91091    
 2007.2500 -0.330658    
 2007.3334  0.918360    
 2007.4166  -2.88360    
 2007.5000  -1.05475    
 2007.5834  -3.89831    
 2007.6666 -0.891558    
 2007.7500  0.481852    
 2007.8334  -1.51721    
 2007.9166  0.987888    
 2008.0000   1.20530    
 2008.0834   1.04534    
 2008.1666  0.253908    
 2008.2500  -2.25366    
 2008.3334  -2.96264    
 2008.4166  -1.16460    
 2008.5000  -1.13475    
 2008.5834 -0.700310    
 2008.6666  -1.77756    
 2008.7500  0.514852    
 2008.8334  -1.14521    
 2008.9166 -0.947112    
 2009.0000 -0.476989E-01
 2009.0834  -2.17266    
 2009.1666  0.329082E-01
 2009.2500   1.50434    
 2009.3334   1.81236    
 2009.4166  -2.59560    
 2009.5000 -0.919748    
 2009.5834  0.572690    
 2009.6666 -0.344558    
 2009.7500  -1.02415    
 2009.8334   1.83479    
 2009.9166  -4.10011    
 2010.0000  -3.02370    
 2010.0834  -4.66866    
 2010.1666 -0.919092    
 2010.2500  -1.26166    
 2010.3334  -1.36264    
 2010.4166  -3.19760    
 2010.5000  0.612525E-01
 2010.5834  -2.50731    
 2010.6666  -2.09256    
 2010.7500  -1.90515    
 2010.8334  -3.19321    
 2010.9166  -4.97511    
 2011.0000  -2.02270    
 2011.0834   2.04634    
 2011.1666 -0.288092    
 2011.2500   2.16234    
 2011.3334   1.37936    
 2011.4166  -1.12160    
 2011.5000  -3.39175    
 2011.5834  -2.90631    
 2011.6666   3.25644    
 2011.7500   1.81185    
 2011.8334  0.893792    
 2011.9166   2.82589    
 2012.0000   1.40930    
 2012.0834  0.534339    
 2012.1666   1.66591    
 2012.2500  -2.58966    
 2012.3334 -0.532640    
 2012.4166  -2.12060    
 2012.5000  -1.31375    
 2012.5834 -0.927310    
 2012.6666  -1.14956    
 2012.7500  -2.70115    
 2012.8334 -0.957208    
 2012.9166  0.228888    
 2013.0000  0.439301    
 2013.0834  -1.00866    
 2013.1666  -3.86309    
 2013.2500 -0.199658    
 2013.3334   1.52636    
 2013.4166   1.86040    
 2013.5000   2.51825    
 2013.5834   1.66669    
 2013.6666 -0.278558    
 2013.7500  0.143852    
 2013.8334  0.193792    
 2013.9166   3.17289    
 2014.0000  0.653011E-01
 2014.0834   1.57134    
 2014.1666   1.51891    
 2014.2500  0.605342    
 2014.3334  0.218360    
 2014.4166  -1.52660    
 2014.5000  0.908252    
 2014.5834  -1.62831    
 2014.6666  -1.80656    
 2014.7500  0.813852    
 2014.8334  -2.01921    
 2014.9166   1.51589    
 2015.0000   2.16730    
 2015.0834  0.726339    
 2015.1666   1.86791    
 2015.2500  0.802342    
 2015.3334   2.38436    
 2015.4166  0.735396    
 2015.5000  -2.15575    
 2015.5834  0.981690    
 2015.6666  -1.35856    
 2015.7500 -0.625148    
 2015.8334   3.69179    
 2015.9166   3.84789    
 2016.0000  0.520301    
 2016.0834  0.864339    
 2016.1666  0.209908    
 2016.2500  -2.29166    
 2016.3334 -0.529640    
 2016.4166 -0.816604    
 2016.5000   2.18425    
 2016.5834   1.64469    
 2016.6666   2.73544    
 2016.7500 -0.962148    
 2016.8334  -1.45921    
 2016.9166   1.72889    
 2017.0000 -0.472699    
 2017.0834  0.634339    
 2017.1666  0.931908    
 2017.2500   1.27234    
 2017.3334  0.678360    
 2017.4166 -0.946040E-01
 2017.5000  0.101253    
 2017.5834 -0.529310    
 2017.6666   1.71444    
 2017.7500   1.86685    
 2017.8334 -0.750208    
 2017.9166  0.629888    
 2018.0000   1.17430    
 2018.0834 -0.842661    
 2018.1666  -1.24209    
 2018.2500   2.14134    
 2018.3334   2.30436    
 2018.4166 -0.941604    
 2018.5000   3.83025    
 2018.5834   3.83025    # repeat last y to get nice gnuplot plot

 2018.6666  0.735442    
 2018.7500 -0.669148    
 2018.8334  -1.13021    
 2018.9166  -1.13021    # repeat last y to get nice gnuplot plot

