# from <a href="http://research.jisao.washington.edu/pdo/">JISAO</a>
# file :: ./data/ipdo.dat
# description :: PDO
# insitution :: University of Washington, JISAO
# author :: Nate Mantua
# contact :: nate.mantua@noaa.gov
# link :: http://research.jisao.washington.edu/pdo/
# source :: http://research.jisao.washington.edu/pdo/PDO.latest
# reference :: Mantua, N.J. and S.R. Hare, Y. Zhang, J.M. Wallace, and R.C. Francis, 1997: A Pacific interdecadal climate oscillation with impacts on salmon production. BAMS, 78, 1069-1079.
# data_source :: UKMO Historical SST data set for 1900-81, Reynold's Optimally Interpolated SST (V1) for January 1982-Dec 2001, OI SST Version 2 (V2) beginning January 2002
# comment :: 
# institution :: KNMI Climate Explorer
# history ::  2019-05-20  4:16:03 ./bin/plotdat anomal ./data/ipdo.dat\n 2019-05-03 13:43:35 dat2nc ./data/ipdo.dat i PDO ./data/ipdo.nc\nretrieved at Fri May  3 12:24:37 MEST 2019
# PDO [1] Pacific Decadal Oscillation index
 1900.0000  0.391525E-01
 1900.0834   1.27347    
 1900.1666  0.383898    
 1900.2500  0.118475    
 1900.3334  0.497966    
 1900.4166  0.462373    
 1900.5000  0.841356    
 1900.5834  0.216610    
 1900.6666 -0.904237E-01
 1900.7500  0.345593    
 1900.8334 -0.332034    
 1900.9166   1.15653    
 1901.0000  0.789153    
 1901.0834 -0.166525    
 1901.1666  0.243898    
 1901.2500  0.378475    
 1901.3334 -0.692034    
 1901.4166 -0.237627    
 1901.5000 -0.708644    
 1901.5834  -1.12339    
 1901.6666 -0.180424    
 1901.7500  0.275593    
 1901.8334 -0.492034    
 1901.9166 -0.173475    
 1902.0000  0.819153    
 1902.0834   1.53347    
 1902.1666  0.373898    
 1902.2500   1.13847    
 1902.3334  0.817966    
 1902.4166  0.332373    
 1902.5000   1.47136    
 1902.5834   1.64661    
 1902.6666  0.589576    
 1902.7500  0.815593    
 1902.8334  0.267966    
 1902.9166  -1.13347    
 1903.0000  0.859153    
 1903.0834 -0.286525    
 1903.1666 -0.326102    
 1903.2500 -0.731525    
 1903.3334  0.157966    
 1903.4166  0.423729E-01
 1903.5000  0.291356    
 1903.5834   1.08661    
 1903.6666 -0.904237E-01
 1903.7500  0.295593    
 1903.8334  0.187966    
 1903.9166 -0.634746E-01
 1904.0000  0.629153    
 1904.0834 -0.956525    
 1904.1666 -0.816102    
 1904.2500 -0.301525    
 1904.3334 -0.492034    
 1904.4166  -1.71763    
 1904.5000  -1.68864    
 1904.5834 -0.563390    
 1904.6666  0.209576    
 1904.7500  0.545593    
 1904.8334   1.55797    
 1904.9166  0.265254E-01
 1905.0000  0.729153    
 1905.0834  0.863475    
 1905.1666   1.20390    
 1905.2500   1.35847    
 1905.3334 -0.342034    
 1905.4166  0.502373    
 1905.5000  0.741356    
 1905.5834   1.33661    
 1905.6666  0.119576    
 1905.7500 -0.344068E-01
 1905.8334   1.21797    
 1905.9166 -0.533475    
 1906.0000  0.919153    
 1906.0834   1.13347    
 1906.1666  0.723898    
 1906.2500  0.508475    
 1906.3334  0.167966    
 1906.4166   1.05237    
 1906.5000 -0.186441E-01
 1906.5834 -0.453390    
 1906.6666 -0.160424    
 1906.7500  0.195593    
 1906.8334   1.79797    
 1906.9166 -0.573475    
 1907.0000 -0.300847    
 1907.0834 -0.366525    
 1907.1666 -0.296102    
 1907.2500 -0.391525    
 1907.3334 -0.112034    
 1907.4166  0.382373    
 1907.5000  0.521356    
 1907.5834 -0.883390    
 1907.6666 -0.804238E-01
 1907.7500  0.955593    
 1907.8334  0.767966    
 1907.9166  0.686525    
 1908.0000   1.35915    
 1908.0834  0.973475    
 1908.1666  0.563898    
 1908.2500 -0.152540E-02
 1908.3334 -0.420340E-01
 1908.4166  0.222373    
 1908.5000  0.491356    
 1908.5834 -0.963390    
 1908.6666 -0.104237E-01
 1908.7500 -0.294407    
 1908.8334  0.577966    
 1908.9166   1.12653    
 1909.0000  0.229153    
 1909.0834  0.963475    
 1909.1666  0.433898    
 1909.2500  0.847459E-02
 1909.3334 -0.662034    
 1909.4166 -0.827627    
 1909.5000 -0.498644    
 1909.5834 -0.603390    
 1909.6666 -0.740424    
 1909.7500  0.955932E-01
 1909.8334 -0.292034    
 1909.9166 -0.434746E-01
 1910.0000 -0.250847    
 1910.0834 -0.746525    
 1910.1666  0.738983E-01
 1910.2500 -0.601525    
 1910.3334 -0.332034    
 1910.4166 -0.467627    
 1910.5000 -0.786441E-01
 1910.5834  0.166101E-01
 1910.6666  0.549576    
 1910.7500 -0.544407    
 1910.8334  0.127966    
 1910.9166  0.806525    
 1911.0000  -1.11085    
 1911.0834 -0.465254E-01
 1911.1666 -0.886102    
 1911.2500 -0.961525    
 1911.3334 -0.102034    
 1911.4166 -0.167627    
 1911.5000  0.371356    
 1911.5834  0.506610    
 1911.6666  0.439576    
 1911.7500  0.315593    
 1911.8334 -0.752034    
 1911.9166 -0.234746E-01
 1912.0000  -1.72085    
 1912.0834 -0.276525    
 1912.1666 -0.146102    
 1912.2500 -0.611525    
 1912.3334 -0.292034    
 1912.4166  0.582373    
 1912.5000  0.961356    
 1912.5834 -0.763390    
 1912.6666   1.08958    
 1912.7500  0.675593    
 1912.8334  0.847966    
 1912.9166  0.946525    
 1913.0000 -0.308475E-01
 1913.0834  0.293475    
 1913.1666 -0.461017E-01
 1913.2500  -1.15153    
 1913.3334  0.387966    
 1913.4166   1.24237    
 1913.5000  0.951356    
 1913.5834   1.36661    
 1913.6666  0.879576    
 1913.7500  0.735593    
 1913.8334  0.857966    
 1913.9166  0.866525    
 1914.0000  0.339153    
 1914.0834 -0.336525    
 1914.1666 -0.261017E-01
 1914.2500  0.968475    
 1914.3334 -0.162034    
 1914.4166 -0.776271E-01
 1914.5000 -0.318644    
 1914.5834  0.186610    
 1914.6666 -0.190424    
 1914.7500  0.559323E-02
 1914.8334  0.137966    
 1914.9166  0.856525    
 1915.0000 -0.410847    
 1915.0834  0.934746E-01
 1915.1666  -1.32610    
 1915.2500   1.16847    
 1915.3334  0.479660E-01
 1915.4166  0.802373    
 1915.5000  0.961356    
 1915.5834  0.346610    
 1915.6666  0.995762E-01
 1915.7500 -0.314407    
 1915.8334 -0.120339E-01
 1915.9166  0.136525    
 1916.0000 -0.640847    
 1916.0834 -0.236525    
 1916.1666 -0.216102    
 1916.2500  0.118475    
 1916.3334  0.147966    
 1916.4166  -1.00763    
 1916.5000 -0.888644    
 1916.5834 -0.653390    
 1916.6666 -0.620424    
 1916.7500 -0.104407    
 1916.8334 -0.572034    
 1916.9166  -1.97347    
 1917.0000 -0.790847    
 1917.0834 -0.886525    
 1917.1666 -0.816102    
 1917.2500 -0.571525    
 1917.3334  0.547966    
 1917.4166 -0.217627    
 1917.5000 -0.864407E-02
 1917.5834 -0.143390    
 1917.6666 -0.250424    
 1917.7500  -1.63441    
 1917.8334 -0.232034    
 1917.9166 -0.633475    
 1918.0000  -1.13085    
 1918.0834 -0.706525    
 1918.1666  -1.25610    
 1918.2500 -0.551525    
 1918.3334 -0.602034    
 1918.4166 -0.117627    
 1918.5000  0.871356    
 1918.5834 -0.233390    
 1918.6666 -0.440424    
 1918.7500  0.725593    
 1918.8334  0.447966    
 1918.9166  0.826525    
 1919.0000  -1.07085    
 1919.0834   1.26347    
 1919.1666 -0.606102    
 1919.2500 -0.151525    
 1919.3334 -0.102034    
 1919.4166 -0.897627    
 1919.5000 -0.578644    
 1919.5834  0.456610    
 1919.6666  0.209576    
 1919.7500 -0.304407    
 1919.8334 -0.692034    
 1919.9166  0.726525    
 1920.0000  -1.18085    
 1920.0834  0.134746E-01
 1920.1666 -0.886102    
 1920.2500  -1.52153    
 1920.3334  -1.24203    
 1920.4166  -1.48763    
 1920.5000  -1.00864    
 1920.5834  -2.13339    
 1920.6666  -1.13042    
 1920.7500 -0.944407    
 1920.8334 -0.152034    
 1920.9166  0.256525    
 1921.0000 -0.660847    
 1921.0834 -0.656525    
 1921.1666 -0.116102    
 1921.2500  -1.16153    
 1921.3334 -0.692034    
 1921.4166  0.212373    
 1921.5000 -0.688644    
 1921.5834 -0.613390    
 1921.6666 -0.630424    
 1921.7500 -0.114407    
 1921.8334   2.02797    
 1921.9166   1.38653    
 1922.0000   1.04915    
 1922.0834 -0.896525    
 1922.1666 -0.261017E-01
 1922.2500  0.198475    
 1922.3334 -0.462034    
 1922.4166  -1.22763    
 1922.5000 -0.928644    
 1922.5834 -0.853390    
 1922.6666 -0.660424    
 1922.7500  0.955593    
 1922.8334 -0.492034    
 1922.9166  0.446525    
 1923.0000  0.749153    
 1923.0834 -0.865254E-01
 1923.1666  0.383898    
 1923.2500  0.758475    
 1923.3334 -0.472034    
 1923.4166  0.492373    
 1923.5000   1.05136    
 1923.5834  0.916610    
 1923.6666 -0.904237E-01
 1923.7500   1.21559    
 1923.8334  0.727966    
 1923.9166 -0.393475    
 1924.0000   1.28915    
 1924.0834  0.683475    
 1924.1666   1.02390    
 1924.2500 -0.251525    
 1924.3334  0.879661E-01
 1924.4166  0.562373    
 1924.5000 -0.658644    
 1924.5834 -0.593390    
 1924.6666 -0.330424    
 1924.7500  -1.13441    
 1924.8334  0.347966    
 1924.9166  0.765254E-01
 1925.0000 -0.508475E-01
 1925.0834 -0.186525    
 1925.1666  0.938983E-01
 1925.2500  0.628475    
 1925.3334  0.517966    
 1925.4166  -1.26763    
 1925.5000 -0.168644    
 1925.5834 -0.783390    
 1925.6666  0.669576    
 1925.7500  0.155593    
 1925.8334  0.987966    
 1925.9166   1.15653    
 1926.0000  0.299153    
 1926.0834  0.933475    
 1926.1666 -0.606102    
 1926.2500   1.86847    
 1926.3334   1.15797    
 1926.4166   1.84237    
 1926.5000  0.941356    
 1926.5834   1.71661    
 1926.6666   1.32958    
 1926.7500   1.76559    
 1926.8334   1.10797    
 1926.9166   1.02653    
 1927.0000   1.06915    
 1927.0834   1.68347    
 1927.1666  0.438983E-01
 1927.2500 -0.411525    
 1927.3334  0.279661E-01
 1927.4166  0.502373    
 1927.5000 -0.418644    
 1927.5834 -0.653390    
 1927.6666 -0.260424    
 1927.7500 -0.504407    
 1927.8334  0.379661E-01
 1927.9166  0.365254E-01
 1928.0000  0.959153    
 1928.0834  0.743475    
 1928.1666  0.413898    
 1928.2500  0.578475    
 1928.3334  0.387966    
 1928.4166 -0.376271E-01
 1928.5000  0.191356    
 1928.5834 -0.643390    
 1928.6666  -1.26042    
 1928.7500  -1.19441    
 1928.8334  0.247966    
 1928.9166  0.946525    
 1929.0000  0.969153    
 1929.0834  0.473475    
 1929.1666  0.393898    
 1929.2500  0.318475    
 1929.3334  0.797966    
 1929.4166  0.312373    
 1929.5000 -0.168644    
 1929.5834 -0.613390    
 1929.6666  0.599576    
 1929.7500 -0.944068E-01
 1929.8334   1.34797    
 1929.9166 -0.634746E-01
 1930.0000  0.969153    
 1930.0834  -1.10653    
 1930.1666 -0.536102    
 1930.2500 -0.931525    
 1930.3334 -0.212034    
 1930.4166  0.392373    
 1930.5000 -0.558644    
 1930.5834 -0.453390    
 1930.6666 -0.504238E-01
 1930.7500 -0.264407    
 1930.8334 -0.202034    
 1930.9166   1.16653    
 1931.0000  0.791525E-01
 1931.0834   1.51347    
 1931.1666   1.02390    
 1931.2500   1.04847    
 1931.3334   1.38797    
 1931.4166  0.202373    
 1931.5000   1.38136    
 1931.5834  0.966101E-01
 1931.6666  0.139576    
 1931.7500 -0.544068E-01
 1931.8334  0.447966    
 1931.9166   1.05653    
 1932.0000 -0.260847    
 1932.0834 -0.626525    
 1932.1666  0.403898    
 1932.2500  0.918475    
 1932.3334  0.367966    
 1932.4166 -0.876271E-01
 1932.5000 -0.228644    
 1932.5834 -0.633899E-01
 1932.6666 -0.250424    
 1932.7500 -0.174407    
 1932.8334 -0.772034    
 1932.9166 -0.134746E-01
 1933.0000  0.289153    
 1933.0834 -0.265254E-01
 1933.1666  0.438983E-01
 1933.2500 -0.281525    
 1933.3334 -0.772034    
 1933.4166 -0.867627    
 1933.5000  -1.91864    
 1933.5834  -1.48339    
 1933.6666  -2.13042    
 1933.7500  -1.07441    
 1933.8334  0.657966    
 1933.9166  -1.13347    
 1934.0000  0.169153    
 1934.0834  0.633475    
 1934.1666   1.23390    
 1934.2500   1.39847    
 1934.3334  0.957966    
 1934.4166  0.322373    
 1934.5000  0.331356    
 1934.5834   1.61661    
 1934.6666   1.39958    
 1934.7500   2.21559    
 1934.8334   1.73797    
 1934.9166   1.63653    
 1935.0000   1.00915    
 1935.0834  0.743475    
 1935.1666 -0.216102    
 1935.2500  0.868475    
 1935.3334  0.717966    
 1935.4166   1.20237    
 1935.5000  0.571356    
 1935.5834  0.706610    
 1935.6666   1.12958    
 1935.7500  0.325593    
 1935.8334  0.237966    
 1935.9166   1.74653    
 1936.0000   1.78915    
 1936.0834   1.70347    
 1936.1666   1.25390    
 1936.2500   1.08847    
 1936.3334   1.55797    
 1936.4166   2.18237    
 1936.5000   2.46136    
 1936.5834   1.78661    
 1936.6666  0.189576    
 1936.7500   2.21559    
 1936.8334   2.75797    
 1936.9166   1.24653    
 1937.0000 -0.847465E-03
 1937.0834 -0.536525    
 1937.1666  0.273898    
 1937.2500 -0.315254E-01
 1937.3334  0.257966    
 1937.4166   1.56237    
 1937.5000  0.135592E-02
 1937.5834 -0.273390    
 1937.6666  0.779576    
 1937.7500  0.875593    
 1937.8334 -0.720339E-01
 1937.9166  0.516525    
 1938.0000  0.499153    
 1938.0834 -0.265254E-01
 1938.1666  0.133898    
 1938.2500  0.384746E-01
 1938.3334 -0.522034    
 1938.4166 -0.387627    
 1938.5000 -0.318644    
 1938.5834 -0.373390    
 1938.6666  0.139576    
 1938.7500  0.185593    
 1938.8334  0.587966    
 1938.9166   1.36653    
 1939.0000   1.35915    
 1939.0834  0.234746E-01
 1939.1666 -0.496102    
 1939.2500  0.218475    
 1939.3334  0.707966    
 1939.4166  0.852373    
 1939.5000 -0.318644    
 1939.5834 -0.663390    
 1939.6666 -0.950424    
 1939.7500  -1.19441    
 1939.8334 -0.772034    
 1939.9166   1.47653    
 1940.0000   2.02915    
 1940.0834   1.69347    
 1940.1666   1.78390    
 1940.2500   2.13847    
 1940.3334   2.04797    
 1940.4166   2.24237    
 1940.5000   2.01136    
 1940.5834   1.47661    
 1940.6666   1.24958    
 1940.7500   1.30559    
 1940.8334  0.787966    
 1940.9166   1.92653    
 1941.0000   2.13915    
 1941.0834   2.02347    
 1941.1666   2.30390    
 1941.2500   1.65847    
 1941.3334   1.97797    
 1941.4166   2.82237    
 1941.5000   2.22136    
 1941.5834   3.38661    
 1941.6666   2.13958    
 1941.7500   1.33559    
 1941.8334  0.507966    
 1941.9166  0.876525    
 1942.0000   1.00915    
 1942.0834  0.743475    
 1942.1666  0.183898    
 1942.2500  0.558475    
 1942.3334  0.567966    
 1942.4166   1.00237    
 1942.5000  0.113559E-01
 1942.5834  0.516610    
 1942.6666  0.829576    
 1942.7500  0.655593    
 1942.8334  0.796614E-02
 1942.9166  -1.03347    
 1943.0000 -0.180847    
 1943.0834 -0.265254E-01
 1943.1666  0.153898    
 1943.2500  0.848475    
 1943.3334  0.157966    
 1943.4166  0.492373    
 1943.5000 -0.468644    
 1943.5834 -0.823390    
 1943.6666 -0.340424    
 1943.7500  0.755932E-01
 1943.8334  0.397966    
 1943.9166  0.546525    
 1944.0000  0.179153    
 1944.0834  0.123475    
 1944.1666 -0.261017E-01
 1944.2500  0.488475    
 1944.3334 -0.622034    
 1944.4166  -1.16763    
 1944.5000 -0.508644    
 1944.5834 -0.433390    
 1944.6666 -0.410424    
 1944.7500 -0.284407    
 1944.8334  0.437966    
 1944.9166  0.166525    
 1945.0000  -1.02085    
 1945.0834  0.673475    
 1945.1666 -0.526102    
 1945.2500 -0.631525    
 1945.3334 -0.342034    
 1945.4166  0.372373    
 1945.5000  0.911356    
 1945.5834  0.256610    
 1945.6666 -0.120424    
 1945.7500  0.215593    
 1945.8334  -1.83203    
 1945.9166 -0.773475    
 1946.0000 -0.910847    
 1946.0834 -0.366525    
 1946.1666 -0.516102    
 1946.2500  -1.01153    
 1946.3334  0.227966    
 1946.4166  -1.04763    
 1946.5000 -0.948644    
 1946.5834 -0.283390    
 1946.6666 -0.704238E-01
 1946.7500 -0.244407    
 1946.8334  -1.37203    
 1946.9166 -0.993475    
 1947.0000 -0.730847    
 1947.0834 -0.336525    
 1947.1666   1.06390    
 1947.2500  0.468475    
 1947.3334  0.979660E-01
 1947.4166   1.17237    
 1947.5000  0.513559E-01
 1947.5834  0.376610    
 1947.6666  0.729576    
 1947.7500  0.965593    
 1947.8334 -0.320339E-01
 1947.9166   1.63653    
 1948.0000 -0.110847    
 1948.0834 -0.786525    
 1948.1666 -0.136102    
 1948.2500  -1.56153    
 1948.3334 -0.502034    
 1948.4166 -0.107627    
 1948.5000  -1.02864    
 1948.5834  -1.48339    
 1948.6666  -1.59042    
 1948.7500  -1.20441    
 1948.8334 -0.782034    
 1948.9166  -1.73347    
 1949.0000  -2.01085    
 1949.0834  -3.64653    
 1949.1666  -1.10610    
 1949.2500 -0.761525    
 1949.3334  -1.34203    
 1949.4166 -0.887627    
 1949.5000 -0.668644    
 1949.5834  -1.22339    
 1949.6666 -0.780424    
 1949.7500  -1.29441    
 1949.8334 -0.722034    
 1949.9166 -0.833475    
 1950.0000  -2.13085    
 1950.0834  -2.95653    
 1950.1666  -1.23610    
 1950.2500  -1.43153    
 1950.3334  -2.50203    
 1950.4166  -1.95763    
 1950.5000  -3.03864    
 1950.5834 -0.623390    
 1950.6666  -1.99042    
 1950.7500  -1.24441    
 1950.8334  -2.35203    
 1950.9166 -0.793475    
 1951.0000  -1.54085    
 1951.0834  -1.10653    
 1951.1666  -2.00610    
 1951.2500 -0.591525    
 1951.3334 -0.522034    
 1951.4166  -1.27763    
 1951.5000  0.591356    
 1951.5834  -1.29339    
 1951.6666  0.695762E-01
 1951.7500 -0.204407    
 1951.8334 -0.172034    
 1951.9166  -1.71347    
 1952.0000  -2.01085    
 1952.0834 -0.506525    
 1952.1666 -0.736102    
 1952.2500  -1.28153    
 1952.3334  -1.27203    
 1952.4166  -1.61763    
 1952.5000  -1.35864    
 1952.5834 -0.523390    
 1952.6666 -0.740424    
 1952.7500 -0.234407    
 1952.8334 -0.652034    
 1952.9166  0.652541E-02
 1953.0000 -0.570847    
 1953.0834 -0.116525    
 1953.1666  -1.22610    
 1953.2500 -0.181525    
 1953.3334  0.157966    
 1953.4166  0.102373    
 1953.5000  0.631356    
 1953.5834  0.126610    
 1953.6666 -0.480424    
 1953.7500 -0.974407    
 1953.8334  0.779661E-01
 1953.9166  0.365254E-01
 1954.0000  -1.32085    
 1954.0834  -1.65653    
 1954.1666 -0.626102    
 1954.2500  -1.56153    
 1954.3334 -0.262034    
 1954.4166  0.782373    
 1954.5000  0.321356    
 1954.5834  0.156610    
 1954.6666 -0.790424    
 1954.7500  0.635593    
 1954.8334  0.827966    
 1954.9166 -0.533475    
 1955.0000  0.199153    
 1955.0834  -1.56653    
 1955.1666  -1.36610    
 1955.2500  -2.20153    
 1955.3334  -1.48203    
 1955.4166  -2.62763    
 1955.5000  -2.45864    
 1955.5834  -2.17339    
 1955.6666  -1.80042    
 1955.7500  -2.68441    
 1955.8334  -2.97203    
 1955.9166  -2.78347    
 1956.0000  -2.48085    
 1956.0834  -2.78653    
 1956.1666  -2.66610    
 1956.2500  -2.40153    
 1956.3334  -1.68203    
 1956.4166  -1.88763    
 1956.5000  -1.13864    
 1956.5834  -1.08339    
 1956.6666 -0.560424    
 1956.7500  -2.18441    
 1956.8334  -2.00203    
 1956.9166  -1.31347    
 1957.0000  -1.82085    
 1957.0834 -0.726525    
 1957.1666 -0.761017E-01
 1957.2500 -0.811525    
 1957.3334  0.297966    
 1957.4166   1.57237    
 1957.5000  0.611356    
 1957.5834  0.586610    
 1957.6666   1.73958    
 1957.7500   1.61559    
 1957.8334 -0.212034    
 1957.9166 -0.583475    
 1958.0000  0.249153    
 1958.0834  0.573475    
 1958.1666  0.143898    
 1958.2500  0.828475    
 1958.3334   1.00797    
 1958.4166   1.14237    
 1958.5000  0.781356    
 1958.5834   1.13661    
 1958.6666  0.439576    
 1958.7500  0.125593    
 1958.8334 -0.720339E-01
 1958.9166  0.826525    
 1959.0000  0.689153    
 1959.0834 -0.476525    
 1959.1666  -1.05610    
 1959.2500 -0.251525    
 1959.3334 -0.420340E-01
 1959.4166  0.252373    
 1959.5000 -0.608644    
 1959.5834 -0.543390    
 1959.6666 -0.700424    
 1959.7500  0.635593    
 1959.8334   1.21797    
 1959.9166  0.265254E-01
 1960.0000  0.299153    
 1960.0834  0.473475    
 1960.1666 -0.316102    
 1960.2500 -0.141525    
 1960.3334  0.637966    
 1960.4166  0.452373    
 1960.5000 -0.378644    
 1960.5834 -0.303390    
 1960.6666 -0.790424    
 1960.7500  0.205593    
 1960.8334 -0.122034    
 1960.9166  0.136525    
 1961.0000   1.17915    
 1961.0834  0.383475    
 1961.1666 -0.161017E-01
 1961.2500  0.108475    
 1961.3334 -0.332034    
 1961.4166 -0.797627    
 1961.5000  -1.32864    
 1961.5834  -1.05339    
 1961.6666  -1.86042    
 1961.7500  -2.16441    
 1961.8334  -1.74203    
 1961.9166  -2.72347    
 1962.0000  -1.29085    
 1962.0834  -1.19653    
 1962.1666  -1.52610    
 1962.2500  -1.03153    
 1962.3334  -1.49203    
 1962.4166  -1.80763    
 1962.5000  -1.56864    
 1962.5834 -0.403390    
 1962.6666  -1.43042    
 1962.7500  -1.43441    
 1962.8334 -0.262034    
 1962.9166 -0.993475    
 1963.0000 -0.330847    
 1963.0834 -0.206525    
 1963.1666 -0.646102    
 1963.2500 -0.641525    
 1963.3334 -0.922034    
 1963.4166  -1.06763    
 1963.5000  -1.10864    
 1963.5834 -0.953390    
 1963.6666  0.599576    
 1963.7500 -0.404407    
 1963.8334  -1.97203    
 1963.9166  -1.11347    
 1964.0000  0.915254E-02
 1964.0834 -0.256525    
 1964.1666 -0.976102    
 1964.2500  -1.26153    
 1964.3334  -2.18203    
 1964.4166 -0.507627    
 1964.5000 -0.618644    
 1964.5834 -0.953390    
 1964.6666 -0.530424    
 1964.7500 -0.254407    
 1964.8334 -0.692034    
 1964.9166  -1.55347    
 1965.0000  -1.24085    
 1965.0834  -1.20653    
 1965.1666 -0.661017E-01
 1965.2500  0.388475    
 1965.3334 -0.932034    
 1965.4166 -0.987627    
 1965.5000 -0.578644    
 1965.5834  0.276610    
 1965.6666  0.739576    
 1965.7500 -0.244407    
 1965.8334 -0.482034    
 1965.9166  0.265254E-01
 1966.0000 -0.820847    
 1966.0834 -0.765254E-01
 1966.1666  -1.39610    
 1966.2500 -0.171525    
 1966.3334 -0.802034    
 1966.4166 -0.276271E-01
 1966.5000  0.151356    
 1966.5834 -0.273390    
 1966.6666 -0.180424    
 1966.7500  -1.05441    
 1966.8334  -1.04203    
 1966.9166 -0.353475    
 1967.0000 -0.200847    
 1967.0834 -0.226525    
 1967.1666  -1.30610    
 1967.2500  -1.12153    
 1967.3334  -1.51203    
 1967.4166  -1.34763    
 1967.5000 -0.998644    
 1967.5834  -1.16339    
 1967.6666 -0.570424    
 1967.7500 -0.524407    
 1967.8334  0.579661E-01
 1967.9166 -0.433475    
 1968.0000 -0.950847    
 1968.0834 -0.446525    
 1968.1666 -0.416102    
 1968.2500  -1.26153    
 1968.3334 -0.802034    
 1968.4166 -0.537627    
 1968.5000  0.421356    
 1968.5834  0.266610    
 1968.6666  0.209576    
 1968.7500 -0.224407    
 1968.8334 -0.332034    
 1968.9166  -1.30347    
 1969.0000  -1.26085    
 1969.0834 -0.996525    
 1969.1666 -0.606102    
 1969.2500 -0.671525    
 1969.3334 -0.472034    
 1969.4166  0.702373    
 1969.5000 -0.864407E-02
 1969.5834 -0.733390    
 1969.6666 -0.510424    
 1969.7500   1.23559    
 1969.8334  0.257966    
 1969.9166   1.34653    
 1970.0000  0.609153    
 1970.0834  0.383475    
 1970.1666   1.22390    
 1970.2500  0.198475    
 1970.3334 -0.762034    
 1970.4166 -0.127627    
 1970.5000 -0.788644    
 1970.5834  -1.55339    
 1970.6666  -1.52042    
 1970.7500  -1.27441    
 1970.8334 -0.692034    
 1970.9166  -1.00347    
 1971.0000  -1.90085    
 1971.0834  -1.78653    
 1971.1666  -1.78610    
 1971.2500  -1.82153    
 1971.3334  -1.82203    
 1971.4166  -1.73763    
 1971.5000  -2.30864    
 1971.5834 -0.733899E-01
 1971.6666  0.359576    
 1971.7500 -0.104407    
 1971.8334  -1.14203    
 1971.9166  -1.90347    
 1972.0000  -1.99085    
 1972.0834  -1.87653    
 1972.1666  -2.19610    
 1972.2500  -1.88153    
 1972.3334  -1.84203    
 1972.4166  -2.05763    
 1972.5000 -0.938644    
 1972.5834  0.326610    
 1972.6666  0.319576    
 1972.7500  0.225593    
 1972.8334  0.677966    
 1972.9166 -0.363475    
 1973.0000 -0.460847    
 1973.0834 -0.656525    
 1973.1666 -0.606102    
 1973.2500 -0.921525    
 1973.3334  -1.03203    
 1973.4166  -1.15763    
 1973.5000 -0.678644    
 1973.5834  -1.06339    
 1973.6666 -0.360424    
 1973.7500 -0.754407    
 1973.8334  -1.70203    
 1973.9166 -0.793475    
 1974.0000  -1.22085    
 1974.0834  -1.69653    
 1974.1666  -1.00610    
 1974.2500 -0.751525    
 1974.3334 -0.552034    
 1974.4166 -0.497627    
 1974.5000 -0.188644    
 1974.5834  0.346610    
 1974.6666  0.589576    
 1974.7500  0.155932E-01
 1974.8334  0.537966    
 1974.9166 -0.153475    
 1975.0000 -0.840847    
 1975.0834 -0.756525    
 1975.1666 -0.616102    
 1975.2500  -1.53153    
 1975.3334  -1.29203    
 1975.4166  -1.34763    
 1975.5000 -0.508644    
 1975.5834 -0.993390    
 1975.6666  -1.08042    
 1975.7500  -1.17441    
 1975.8334  -1.97203    
 1975.9166  -1.64347    
 1976.0000  -1.14085    
 1976.0834  -1.89653    
 1976.1666  -1.06610    
 1976.2500  -1.12153    
 1976.3334 -0.952034    
 1976.4166 -0.857627    
 1976.5000  0.501356    
 1976.5834   1.35661    
 1976.6666  0.969576    
 1976.7500   1.22559    
 1976.8334   1.35797    
 1976.9166   1.18653    
 1977.0000   1.64915    
 1977.0834   1.06347    
 1977.1666  0.613898    
 1977.2500  0.684746E-01
 1977.3334  0.379660E-01
 1977.4166  0.232373    
 1977.5000  0.813559E-01
 1977.5834  0.716610    
 1977.6666 -0.400424    
 1977.7500 -0.494407    
 1977.8334 -0.612034    
 1977.9166 -0.723475    
 1978.0000  0.339153    
 1978.0834   1.40347    
 1978.1666   1.23390    
 1978.2500   1.05847    
 1978.3334  0.627966    
 1978.4166 -0.376271E-01
 1978.5000  -1.34864    
 1978.5834 -0.483390    
 1978.6666 -0.290424    
 1978.7500  0.215593    
 1978.8334  0.379661E-01
 1978.9166 -0.463475    
 1979.0000 -0.580847    
 1979.0834  -1.37653    
 1979.1666  0.193898    
 1979.2500  0.658475    
 1979.3334  0.817966    
 1979.4166 -0.176271E-01
 1979.5000  0.731356    
 1979.5834  0.596610    
 1979.6666   1.14958    
 1979.7500   1.17559    
 1979.8334  0.587966    
 1979.9166 -0.453475    
 1980.0000 -0.110847    
 1980.0834   1.27347    
 1980.1666  0.983898    
 1980.2500   1.25847    
 1980.3334  0.927966    
 1980.4166 -0.407627    
 1980.5000  0.121356    
 1980.5834  0.586610    
 1980.6666  0.249576    
 1980.7500   1.46559    
 1980.8334  0.477966    
 1980.9166 -0.133475    
 1981.0000  0.589153    
 1981.0834   1.41347    
 1981.1666  0.883898    
 1981.2500   1.21847    
 1981.3334   1.47797    
 1981.4166   1.50237    
 1981.5000  0.731356    
 1981.5834  0.256610    
 1981.6666  0.569576    
 1981.7500  0.295593    
 1981.8334  0.907966    
 1981.9166  0.636525    
 1982.0000  0.339153    
 1982.0834  0.153475    
 1982.1666  0.838983E-01
 1982.2500 -0.421525    
 1982.3334 -0.852034    
 1982.4166 -0.967627    
 1982.5000  0.471356    
 1982.5834  0.466610    
 1982.6666  0.989576    
 1982.7500  0.485593    
 1982.8334 -0.142034    
 1982.9166  0.226525    
 1983.0000  0.559153    
 1983.0834   1.09347    
 1983.1666   2.00390    
 1983.2500   1.63847    
 1983.3334   1.52797    
 1983.4166   2.17237    
 1983.5000   3.40136    
 1983.5834   1.92661    
 1983.6666   1.05958    
 1983.7500   1.07559    
 1983.8334   1.12797    
 1983.9166   1.65653    
 1984.0000   1.49915    
 1984.0834   1.16347    
 1984.1666   1.66390    
 1984.2500   1.28847    
 1984.3334   1.02797    
 1984.4166 -0.762713E-02
 1984.5000 -0.288644    
 1984.5834  0.466101E-01
 1984.6666  0.819576    
 1984.7500  0.695593    
 1984.8334  0.817966    
 1984.9166  0.786525    
 1985.0000   1.26915    
 1985.0834  0.893475    
 1985.1666  0.463898    
 1985.2500 -0.415254E-01
 1985.3334 -0.272034    
 1985.4166 -0.762713E-02
 1985.5000  0.961356    
 1985.5834  0.886610    
 1985.6666  0.589576    
 1985.7500  0.405593    
 1985.8334 -0.642034    
 1985.9166  0.346525    
 1986.0000   1.11915    
 1986.0834   1.56347    
 1986.1666   2.07390    
 1986.2500   1.31847    
 1986.3334  0.887966    
 1986.4166  0.702373    
 1986.5000   1.27136    
 1986.5834  0.296610    
 1986.6666  0.369576    
 1986.7500   1.11559    
 1986.8334   1.87797    
 1986.9166   1.73653    
 1987.0000   1.87915    
 1987.0834   1.70347    
 1987.1666   1.99390    
 1987.2500   1.92847    
 1987.3334   1.57797    
 1987.4166  0.542373    
 1987.5000   1.90136    
 1987.5834   2.90661    
 1987.6666   2.58958    
 1987.7500   1.47559    
 1987.8334   1.57797    
 1987.9166   1.23653    
 1988.0000  0.929153    
 1988.0834   1.19347    
 1988.1666   1.31390    
 1988.2500  0.708475    
 1988.3334  0.927966    
 1988.4166  0.552373    
 1988.5000  0.531356    
 1988.5834  0.266610    
 1988.6666 -0.220424    
 1988.7500  0.155932E-01
 1988.8334  0.879661E-01
 1988.9166 -0.463475    
 1989.0000 -0.950847    
 1989.0834  -1.06653    
 1989.1666 -0.936102    
 1989.2500 -0.551525    
 1989.3334  0.197966    
 1989.4166  0.172373    
 1989.5000  0.721356    
 1989.5834  0.166610    
 1989.6666  0.199576    
 1989.7500 -0.440677E-02
 1989.8334 -0.392034    
 1989.9166 -0.243475    
 1990.0000 -0.300847    
 1990.0834 -0.696525    
 1990.1666 -0.726102    
 1990.2500  0.384746E-01
 1990.3334  0.167966    
 1990.4166  0.252373    
 1990.5000  0.161356    
 1990.5834  0.186610    
 1990.6666  0.529576    
 1990.7500 -0.574407    
 1990.8334  -1.58203    
 1990.9166  -2.26347    
 1991.0000  -2.02085    
 1991.0834  -1.23653    
 1991.1666 -0.846102    
 1991.2500  -1.24153    
 1991.3334 -0.782034    
 1991.4166  -1.65763    
 1991.5000 -0.208644    
 1991.5834  0.436610    
 1991.6666  0.799576    
 1991.7500  0.605593    
 1991.8334  0.527966    
 1991.9166  0.565254E-01
 1992.0000  0.491525E-01
 1992.0834  0.263475    
 1992.1666  0.563898    
 1992.2500  0.518475    
 1992.3334   1.26797    
 1992.4166   1.07237    
 1992.5000   1.79136    
 1992.5834   1.51661    
 1992.6666  0.979576    
 1992.7500   1.04559    
 1992.8334   1.03797    
 1992.9166  0.496525    
 1993.0000  0.491525E-01
 1993.0834  0.143475    
 1993.1666  0.653898    
 1993.2500  0.978475    
 1993.3334   1.85797    
 1993.4166   2.15237    
 1993.5000   2.24136    
 1993.5834   2.76661    
 1993.6666   1.70958    
 1993.7500   1.52559    
 1993.8334   1.34797    
 1993.9166   1.03653    
 1994.0000   1.20915    
 1994.0834  0.543475    
 1994.1666  0.693898    
 1994.2500  0.818475    
 1994.3334  0.957966    
 1994.4166  0.272373    
 1994.5000 -0.486441E-01
 1994.5834 -0.713390    
 1994.6666  -1.21042    
 1994.7500  -1.20441    
 1994.8334  -1.85203    
 1994.9166  -1.82347    
 1995.0000 -0.490847    
 1995.0834  0.413475    
 1995.1666  0.643898    
 1995.2500  0.598475    
 1995.3334   1.18797    
 1995.4166   1.08237    
 1995.5000   1.60136    
 1995.5834  0.286610    
 1995.6666   1.30958    
 1995.7500  0.585593    
 1995.8334 -0.172034    
 1995.9166  0.126525    
 1996.0000  0.589153    
 1996.0834  0.703475    
 1996.1666  0.903898    
 1996.2500   1.22847    
 1996.3334   1.90797    
 1996.4166  0.912373    
 1996.5000  0.661356    
 1996.5834 -0.633899E-01
 1996.6666  0.389576    
 1996.7500 -0.214407    
 1996.8334  0.197966    
 1996.9166 -0.634746E-01
 1997.0000  0.229153    
 1997.0834  0.233475    
 1997.1666  0.543898    
 1997.2500  0.818475    
 1997.3334   1.55797    
 1997.4166   2.57237    
 1997.5000   2.24136    
 1997.5834   2.86661    
 1997.6666   2.33958    
 1997.7500   1.72559    
 1997.8334   1.22797    
 1997.9166  0.636525    
 1998.0000  0.829153    
 1998.0834   1.51347    
 1998.1666   1.90390    
 1998.2500   1.03847    
 1998.3334  0.427966    
 1998.4166  0.212373    
 1998.5000 -0.148644    
 1998.5834 -0.143390    
 1998.6666  -1.06042    
 1998.7500  -1.27441    
 1998.8334 -0.412034    
 1998.9166 -0.473475    
 1999.0000 -0.320847    
 1999.0834 -0.706525    
 1999.1666 -0.436102    
 1999.2500 -0.641525    
 1999.3334 -0.952034    
 1999.4166  -1.48763    
 1999.5000 -0.768644    
 1999.5834 -0.883390    
 1999.6666  -1.38042    
 1999.7500  -2.11441    
 1999.8334  -1.94203    
 1999.9166  -1.66347    
 2000.0000  -2.00085    
 2000.0834 -0.876525    
 2000.1666  0.183898    
 2000.2500  0.118475    
 2000.3334 -0.322034    
 2000.4166 -0.627627    
 2000.5000 -0.768644    
 2000.5834  -1.11339    
 2000.6666  -1.09042    
 2000.7500  -1.18441    
 2000.8334 -0.422034    
 2000.9166  0.486525    
 2001.0000  0.599153    
 2001.0834  0.243475    
 2001.1666  0.343898    
 2001.2500 -0.541525    
 2001.3334 -0.572034    
 2001.4166 -0.657627    
 2001.5000  -1.41864    
 2001.5834 -0.693390    
 2001.6666  -1.22042    
 2001.7500  -1.25441    
 2001.8334  -1.15203    
 2001.9166 -0.963475    
 2002.0000  0.269153    
 2002.0834 -0.686525    
 2002.1666 -0.536102    
 2002.2500 -0.551525    
 2002.3334 -0.902034    
 2002.4166 -0.537627    
 2002.5000 -0.418644    
 2002.5834  0.676610    
 2002.6666  0.579576    
 2002.7500  0.535593    
 2002.8334   1.61797    
 2002.9166   2.06653    
 2003.0000   2.08915    
 2003.0834   1.70347    
 2003.1666   1.40390    
 2003.2500  0.948475    
 2003.3334  0.617966    
 2003.4166  0.492373    
 2003.5000  0.851356    
 2003.5834  0.956610    
 2003.6666  0.159576    
 2003.7500  0.945593    
 2003.8334  0.627966    
 2003.9166  0.296525    
 2004.0000  0.429153    
 2004.0834  0.433475    
 2004.1666  0.503898    
 2004.2500  0.338475    
 2004.3334  0.607966    
 2004.4166 -0.147627    
 2004.5000  0.331356    
 2004.5834  0.926610    
 2004.6666  0.899576    
 2004.7500  0.559323E-02
 2004.8334 -0.522034    
 2004.9166 -0.203475    
 2005.0000  0.439153    
 2005.0834  0.763475    
 2005.1666   1.25390    
 2005.2500  0.798475    
 2005.3334   1.58797    
 2005.4166  0.982373    
 2005.5000  0.551356    
 2005.5834  0.326610    
 2005.6666 -0.310424    
 2005.7500  -1.20441    
 2005.8334  -1.39203    
 2005.9166  0.166525    
 2006.0000   1.02915    
 2006.0834  0.613475    
 2006.1666 -0.561017E-01
 2006.2500  0.168475    
 2006.3334  0.207966    
 2006.4166  0.852373    
 2006.5000  0.241356    
 2006.5834 -0.573390    
 2006.6666 -0.790424    
 2006.7500  0.655932E-01
 2006.8334 -0.112034    
 2006.9166  0.106525    
 2007.0000  0.915254E-02
 2007.0834 -0.652542E-02
 2007.1666 -0.466102    
 2007.2500 -0.715254E-01
 2007.3334 -0.372034    
 2007.4166 -0.976271E-01
 2007.5000  0.671356    
 2007.5834  0.576610    
 2007.6666 -0.210424    
 2007.7500  -1.33441    
 2007.8334 -0.972034    
 2007.9166 -0.613475    
 2008.0000  -1.00085    
 2008.0834 -0.816525    
 2008.1666 -0.816102    
 2008.2500  -1.75153    
 2008.3334  -1.64203    
 2008.4166  -1.52763    
 2008.5000  -1.77864    
 2008.5834  -1.62339    
 2008.6666  -1.40042    
 2008.7500  -1.64441    
 2008.8334  -1.14203    
 2008.9166 -0.903475    
 2009.0000  -1.40085    
 2009.0834  -1.59653    
 2009.1666  -1.69610    
 2009.2500  -1.88153    
 2009.3334  -1.15203    
 2009.4166 -0.497627    
 2009.5000 -0.638644    
 2009.5834  0.166610    
 2009.6666  0.669576    
 2009.7500  0.385593    
 2009.8334 -0.292034    
 2009.9166  0.465254E-01
 2010.0000  0.829153    
 2010.0834  0.773475    
 2010.1666  0.333898    
 2010.2500  0.548475    
 2010.3334  0.347966    
 2010.4166 -0.407627    
 2010.5000  -1.15864    
 2010.5834  -1.19339    
 2010.6666  -1.46042    
 2010.7500 -0.944407    
 2010.8334 -0.712034    
 2010.9166  -1.24347    
 2011.0000 -0.920847    
 2011.0834 -0.876525    
 2011.1666 -0.796102    
 2011.2500 -0.651525    
 2011.3334 -0.642034    
 2011.4166 -0.877627    
 2011.5000  -1.96864    
 2011.5834  -1.66339    
 2011.6666  -1.64042    
 2011.7500  -1.22441    
 2011.8334  -2.22203    
 2011.9166  -1.82347    
 2012.0000  -1.38085    
 2012.0834 -0.896525    
 2012.1666  -1.15610    
 2012.2500 -0.501525    
 2012.3334  -1.53203    
 2012.4166  -1.05763    
 2012.5000  -1.62864    
 2012.5834  -1.85339    
 2012.6666  -2.06042    
 2012.7500 -0.674407    
 2012.8334 -0.482034    
 2012.9166 -0.513475    
 2013.0000 -0.130847    
 2013.0834 -0.476525    
 2013.1666 -0.736102    
 2013.2500 -0.391525    
 2013.3334 -0.192034    
 2013.4166 -0.967627    
 2013.5000  -1.35864    
 2013.5834 -0.963390    
 2013.6666 -0.330424    
 2013.7500 -0.754407    
 2013.8334 -0.203386E-02
 2013.9166 -0.443475    
 2014.0000  0.299153    
 2014.0834  0.333475    
 2014.1666  0.863898    
 2014.2500  0.898475    
 2014.3334   1.52797    
 2014.4166  0.632373    
 2014.5000  0.591356    
 2014.5834  0.746610    
 2014.6666   1.22958    
 2014.7500   1.60559    
 2014.8334   1.82797    
 2014.9166   2.47653    
 2015.0000   2.44915    
 2015.0834   2.25347    
 2015.1666   1.89390    
 2015.2500   1.20847    
 2015.3334  0.927966    
 2015.4166   1.35237    
 2015.5000   1.73136    
 2015.5834   1.63661    
 2015.6666   2.08958    
 2015.7500   1.58559    
 2015.8334  0.967966    
 2015.9166  0.976525    
 2016.0000   1.52915    
 2016.0834   1.70347    
 2016.1666   2.29390    
 2016.2500   2.38847    
 2016.3334   2.07797    
 2016.4166   1.84237    
 2016.5000   1.14136    
 2016.5834  0.596610    
 2016.6666  0.599576    
 2016.7500  0.675593    
 2016.8334   1.98797    
 2016.9166   1.13653    
 2017.0000  0.769153    
 2017.0834  0.653475    
 2017.1666  0.633898    
 2017.2500  0.888475    
 2017.3334  0.607966    
 2017.4166  0.602373    
 2017.5000 -0.864407E-02
 2017.5834  0.166610    
 2017.6666  0.469576    
 2017.7500  0.165593    
 2017.8334  0.257966    
 2017.9166  0.466525    

