"V1" "V2" "V3" "V4" "V5" "V6" "V7" "V8" "V9" "V10" "V11" "V12" "V13" "V14" "V15" "V16" "V17" "V18" "V19" "V20" "V21" "V22" "V23" "V24" "V25" "V26" "V27" "V28" "Year"
"1" 95400 131000 147000 118000 321000 41100 45000 24200 46700 32700 138000 96500 39500 46600 71500 204000 25800 45200 58000 68000 73400 16900 32000 61100 49400 99000 182000 285000 1937
"2" 65800 71800 81800 71100 134000 20000 19100 20200 30300 17600 56500 46600 55300 28100 43800 44200 24500 43400 59800 71900 76400 30600 25100 46000 31500 33600 71000 162000 1938
"3" 76000 82100 85000 109000 207000 20400 21600 18200 18400 34200 95700 32500 60200 23400 40800 72200 27500 52600 73600 97500 106000 19000 21700 49300 33700 55900 102000 197000 1939
"4" 96000 109000 116000 87400 249000 28300 22000 95000 126000 21800 163000 66000 109000 24700 48400 48800 16400 25000 33300 25900 26000 8200 10400 31800 37500 51200 77400 1e+05 1940
"5" 47700 55500 63100 117000 210000 11600 12200 12200 21900 12900 47600 16000 17900 4360 13900 23600 7160 13600 13500 15100 16500 5700 2970 11200 4930 11500 20800 38300 1941
"6" 102000 146000 162000 105000 365000 35000 14400 21800 33200 27700 107000 34200 52300 18400 21500 46100 12800 29300 43600 53000 50100 9700 12200 31500 16400 28300 59000 106000 1942
"7" 78900 97200 116000 69200 238000 23400 13800 18700 20100 32200 96600 66000 94400 31300 51000 67500 47800 84700 129000 182000 186000 29400 35800 76000 42000 62600 97400 302000 1943
"8" 61400 70800 78000 90400 153000 16400 13200 21800 36200 17200 66900 29100 33400 27100 30300 39800 24900 45500 71500 80800 81700 12900 24100 52600 36000 46200 91200 167000 1944
"9" 79900 113000 137000 95400 309000 20200 16600 46100 53300 17800 88500 77300 104000 26600 43700 70200 13900 29800 46000 53200 52300 20500 13800 49800 40300 72600 105000 162000 1945
"10" 96400 122000 131000 54200 178000 42800 13000 34100 56900 41600 146000 36600 41000 13200 21900 51400 10200 23000 35200 35800 38900 10400 9020 23300 12800 23300 45000 92100 1946
"11" 111000 116000 121000 35200 152000 16400 11200 22500 38400 21800 70600 47600 43500 34600 42600 41000 20900 30600 40000 52200 54700 7000 10800 28600 33000 40600 60200 110000 1947
"12" 112000 125000 136000 106000 261000 14800 15600 25700 40700 36100 124000 59800 73600 27600 38600 56600 18000 29000 39700 57800 71500 24500 17400 41800 23700 36500 75200 162000 1948
"13" 36200 46700 55500 70200 158000 14800 13000 30800 31600 26000 61500 36600 44500 28800 37400 71100 21900 38000 59600 63700 66000 18000 16400 48900 63500 62400 110000 235000 1949
"14" 82800 98200 102000 89100 237000 23400 14200 36200 59600 33700 113000 46100 45000 32600 42900 86100 33500 67700 88000 108000 120000 36600 26400 70400 50000 68500 138000 286000 1950
"15" 69500 86800 95600 94400 176000 19000 13500 14800 20700 26600 54600 41500 45200 29300 43700 63300 16500 33000 50000 88000 91900 18100 16800 29400 28600 42200 69300 164000 1951
"16" 74000 109000 124000 72700 261000 31400 17400 17100 27600 25200 68700 67400 87600 36600 55300 71500 20000 34000 41500 42600 43700 7950 17500 28500 42000 40600 76500 126000 1952
"17" 58300 84500 92700 44100 122000 11500 7760 24400 35000 39200 75000 10600 17600 17300 14500 47700 15000 27600 34600 37000 38200 4970 11200 26000 12500 19500 40000 73900 1953
"18" 69700 93700 109000 115000 250000 35800 8530 21900 27600 29200 79500 11000 12100 8660 8300 36600 8010 13200 17900 18400 18700 450 5540 9100 5880 5580 12300 27500 1954
"19" 63400 77000 81200 68300 195000 18000 9800 21600 33200 43800 106000 27200 34200 20600 26700 66600 19700 25800 35000 30200 31100 5940 9750 24200 34600 30200 45600 73900 1955
"20" 124000 142000 160000 120000 226000 22000 11600 20700 36200 17300 70500 21200 31000 19800 26700 66900 15500 24100 29400 37200 39100 9300 23700 35200 30600 33200 60000 91300 1956
"21" 73700 87100 95600 78400 158000 23500 11600 36500 56000 29500 92000 49200 59100 31000 45100 59500 28000 37700 51900 73100 79900 35200 26300 51000 33400 45500 90200 181000 1957
"22" 42000 55600 62700 63900 150000 20300 10600 30200 32800 23600 75900 31800 39200 37200 45100 38900 31200 51500 97000 129000 125000 10300 29400 43500 28100 34400 62700 185000 1958
"23" 117000 160000 184000 59100 254000 47500 12400 36200 55000 19200 53800 127000 127000 57100 73900 41900 38600 66300 87600 103000 107000 17600 17400 35800 55900 66500 97500 172000 1959
"24" 96200 118000 132000 71100 233000 23300 11000 35500 59000 35600 112000 20700 32300 12300 16500 41000 14400 27300 38100 45200 46700 11600 9450 32200 25600 40300 57900 106000 1960
"25" 87200 92900 93600 50400 164000 11800 10800 32800 35400 27900 88500 28000 48000 23400 34000 52500 19900 34400 54700 84500 74200 33000 18500 67100 52000 76200 132000 248000 1961
"26" 31000 43900 55500 54000 130000 14200 11200 18300 22600 32700 84900 34500 51600 21800 31800 105000 14800 38100 45000 57400 53300 18600 22000 27800 19700 35600 55000 122000 1962
"27" 78000 92600 94800 119000 211000 13000 12000 39000 52000 39100 113000 70700 101000 45200 57200 42200 17000 35000 60000 68000 64800 11600 27200 55600 47600 45200 82500 152000 1963
"28" 105000 148000 174000 60100 276000 27700 14700 25000 25000 36800 92600 73800 122000 34200 52600 80000 20200 39200 57600 76700 81300 7500 35000 56600 44800 61400 108000 149000 1964
"29" 52200 58800 64000 42700 109000 17400 10200 27600 39300 25600 76400 26100 30900 20100 25400 47600 12400 26400 36000 44400 43100 4540 11400 22400 25000 25500 47500 80800 1965
"30" 55800 92500 109000 84000 236000 18200 11800 35200 60000 26000 70500 26400 38500 20500 30700 39300 14300 40700 64100 59600 68000 18800 18200 43800 32900 29000 61400 133000 1966
"31" 37800 50700 57200 149000 203000 12600 10600 16100 25300 45000 77900 27700 35600 20100 26400 44600 15400 34300 65300 62600 64200 33500 11100 19100 15400 19900 39800 101000 1967
"32" 56900 81500 87500 97400 161000 19300 10400 17300 26600 22600 59800 35800 83700 21700 56100 49900 13400 32900 67100 91700 85400 14600 17000 64700 55200 58200 96000 154000 1968
"33" 53600 72400 78300 46500 120000 13100 11900 23100 25500 39100 94900 26600 32600 22900 40300 46800 11800 32600 64900 99800 91000 22700 20200 65600 35000 46800 94600 195000 1969
"34" 43700 75900 91700 67800 198000 12300 9110 26000 26300 32300 65500 30700 44400 25000 39000 42200 7830 16800 41700 61600 70500 16400 10200 26800 22600 22200 51200 129000 1970
"35" 44400 61200 71000 60400 131000 16000 10600 26100 32000 25600 65000 25600 39300 20100 29800 40700 8080 17700 30000 40200 47400 7780 12900 34100 24900 34700 63500 121000 1971
"36" 76000 118000 144000 92100 344000 18400 9470 42800 72400 41200 102000 24800 30300 22100 27000 45600 8940 17700 38500 60000 58500 7380 16700 27600 23700 35700 66900 134000 1972
"37" 38800 56200 69000 57700 118000 16300 8940 47300 66000 51000 82100 26300 31600 18800 26500 43600 7760 17800 39500 55400 56700 17200 15000 28000 21700 30900 57800 115000 1973
"38" 49600 70500 80000 97000 157000 21600 11200 33600 40000 31000 77100 25700 28600 22700 33400 54200 10200 23500 52500 81100 82800 19600 14400 26200 16300 23500 57400 149000 1974
"39" 56100 83600 99900 76400 162000 19400 12800 37400 53200 24600 96200 53700 54800 35000 55100 58300 8100 16600 34700 46300 49800 16000 18600 43700 37800 42800 78700 134000 1975
"40" 68200 1e+05 109000 74200 176000 19300 9870 38100 48200 39000 86100 29900 33700 18500 30300 45900 8460 20900 43400 58400 56300 11500 15800 23700 17400 22500 46400 105000 1976
"41" 58000 1e+05 96900 48600 128000 22000 11200 86500 75800 46200 106000 25200 29000 25000 28600 41100 7880 17000 31400 46000 43500 10900 12900 25600 23600 25500 53700 99300 1977
"42" 39100 48200 63700 90800 160000 19400 11500 54200 53300 42500 94300 33800 44200 26000 37500 73400 11300 23100 49500 71900 66700 16500 18500 44400 33800 47200 87400 178000 1978
"43" 50100 75300 84300 102000 206000 19500 11600 40000 55300 34600 86000 39400 50500 23600 37000 53000 9840 21900 48800 75600 74400 22500 18600 47700 36700 48400 85000 168000 1979
"44" 36400 51000 61800 83600 138000 12500 10700 29200 42600 25600 59200 30900 29400 27200 29800 35100 7590 18500 46200 55300 52400 7380 19300 19200 18800 22800 43600 87400 1980
"45" 70300 91200 113000 84900 203000 20000 13000 21100 25700 23300 68200 29800 28300 20800 20800 40000 10200 20600 43200 61600 66000 7390 10200 37300 29400 24100 65000 122000 1981
"46" 43800 59200 66600 65200 129000 22300 10100 23600 40800 29200 83500 26800 30800 23000 46700 40000 14000 32100 55300 78400 72900 21500 14500 35400 45000 48300 83800 154000 1982
"47" 34400 45300 51200 43600 117000 13400 12500 33100 37000 18700 81200 33600 44600 20000 37700 61500 10400 25000 59100 77300 76600 7590 10800 29900 36700 48700 91200 171000 1983
"48" 54700 80200 93500 52500 164000 12400 9910 30000 41200 35700 95900 33200 34900 16600 22500 77600 10900 20200 40000 51100 49300 25900 12100 28200 23500 27700 68000 131000 1984
"49" 62100 79700 89700 148000 205000 21000 11000 26500 40000 50400 89100 31700 34400 24500 31800 41100 14200 39100 79200 114000 110000 26700 27000 42400 33100 38800 84500 196000 1985
"50" 40800 54000 77100 82600 186000 16200 10800 17700 22400 27500 78800 24300 29100 27500 27600 39900 7810 17200 30800 38400 39600 5880 11900 21400 24100 24100 48800 84200 1986
"51" 48600 66200 71300 41500 120000 13600 10400 40300 79800 34300 94500 23800 25600 17600 17300 45300 5770 12600 23600 30500 31900 6480 4970 18800 7720 13300 26700 55800 1987
"52" 30700 44200 49400 52400 123000 8800 10800 8390 11500 22000 53400 23700 26600 10600 23100 48500 11000 21200 32600 33400 35000 15700 11400 23200 27200 29200 57200 96600 1988
"53" 53600 93100 102000 95800 161000 18700 11000 59200 74800 31900 86100 26900 31700 27800 41900 79300 11100 26400 39500 50200 53200 13800 15700 25400 25400 40100 76800 127000 1989
"54" 59900 90900 114000 83500 194000 29200 14500 23100 26400 31700 72200 33000 38600 39700 48700 50600 14900 34800 75200 83300 76000 22600 36800 49900 55500 47600 119000 199000 1990
"55" 46000 65200 79900 58100 216000 17900 11800 24700 28100 31100 80400 45600 41800 32900 45500 48400 8860 22200 70300 102000 106000 19200 35400 65200 50400 50100 109000 224000 1991
"56" 46300 58700 67900 51600 107000 18200 6870 56500 61800 19700 75300 24200 25600 22300 24800 37300 8310 23400 53000 69600 71400 19600 18900 33800 12500 16200 41600 114000 1992
"57" 45900 67000 78300 60400 141000 19600 10600 50900 81600 34100 104000 24900 28900 24000 29900 31700 10300 29700 61100 80200 77700 19800 28900 73400 59800 50000 120000 197000 1993
"58" 56100 81900 95300 99700 169000 32100 11600 41400 50500 42000 92600 35200 38600 23900 34900 45100 10800 24200 63500 99600 104000 14200 14500 39700 30600 31600 65800 158000 1994
"59" 28500 35900 39800 54500 81400 8420 10700 84700 89400 35600 90900 23100 27800 31300 32200 53000 7430 16500 29500 38600 38600 22900 12100 33700 42300 36100 78300 149000 1995
"60" 59400 102000 138000 158000 357000 27200 12400 49200 66800 79400 105000 36800 41200 29800 50700 43200 14000 24700 34600 56000 55500 29500 12900 45500 58900 65800 121000 203000 1996
"61" 46100 61000 66000 70400 130000 16900 9360 16000 25800 34900 73500 39200 45100 30500 37100 85200 11700 25400 53000 69300 65800 14800 18000 34700 45300 43500 66000 142000 1997
"62" 69700 98900 110000 58700 193000 26700 13800 32900 48700 28800 92300 26800 31900 19600 36500 43800 15100 32500 54000 81900 83300 14200 20800 47200 39800 41400 83200 174000 1998
"63" 43200 71200 82900 53000 156000 21600 12900 9760 14600 17500 58400 21000 26000 25500 33700 48800 11500 29900 58600 71500 70200 21800 24000 51600 32700 32800 87700 175000 1999
"64" 42000 59800 65700 109000 163000 23200 11400 11000 16700 25700 76100 26400 42500 20100 31200 30700 7670 17400 30000 29800 30300 17400 4400 26300 25800 19900 37200 60400 2000
"65" 34000 43900 48600 51500 105000 8300 8810 19000 29800 26000 89400 22700 43200 25000 36000 42700 7360 21200 35100 46000 46000 11000 11600 28200 42000 44600 79100 127000 2001
"66" 47300 74400 83400 71400 135000 17900 12500 21800 37900 24800 58500 22500 25600 22600 32600 46800 7400 23300 39600 76500 77500 35400 25600 58600 46300 54600 117000 236000 2002
"67" 63100 69300 67200 109000 205000 27500 9420 44900 75800 49300 106000 24200 31500 34400 35200 47900 13500 33000 79000 108000 93600 8420 33800 47500 27700 28500 54200 116000 2003
"68" 58300 105000 144000 86400 283000 34000 14600 36900 48200 31100 84900 48400 51000 32000 57500 40800 8840 20700 56800 76100 68200 13500 17500 46900 54800 52100 102000 157000 2004
"69" 56000 76400 87300 82800 239000 25500 14700 19100 33600 21800 69700 64400 70600 42000 65700 38900 12700 33800 78300 125000 122000 28300 37100 83700 59600 75500 150000 268000 2005
"70" 50000 64600 73700 49600 117000 15000 9810 19700 34900 25100 82400 26100 30800 25800 32400 36900 9500 16800 33400 38700 39200 13400 16000 45700 47000 59300 111000 173000 2006
"71" 58900 87300 107000 88000 189000 23500 13000 18300 21700 36600 84900 35300 36300 33300 44600 48200 10900 23400 49700 70200 60600 12600 29100 45800 42600 44500 98600 178000 2007
"72" 59200 86800 99000 71000 192000 27600 15000 11500 14800 26000 78800 40800 52700 31700 64900 52700 13200 31200 71000 102000 91100 49300 25100 127000 79500 60800 132000 253000 2008
"73" 47600 70600 82100 79000 135000 18400 10800 20500 33900 27900 77600 23200 25000 18700 27200 45200 12300 26200 57800 68600 61500 22000 17300 33900 55300 29300 72600 138000 2009
"74" 46000 75700 89000 73500 204000 16300 12000 31100 47300 44600 114000 24700 37300 23700 39100 69800 8990 19400 42000 58700 55100 8930 21700 24500 35400 26900 50900 102000 2010
"75" 70000 96600 108000 64800 211000 27500 14400 26300 50800 29500 80000 35800 41800 32400 50900 76000 14500 24500 57100 93600 87800 26200 26600 47000 42900 63200 132000 268000 2011
"76" 35600 56900 66500 56700 137000 18900 11900 11100 24800 23000 66700 31700 36100 23000 40400 39000 8080 17700 34600 46500 44000 9170 10100 22000 22400 24200 49700 98500 2012
"77" 51400 79600 81900 54300 152000 18300 10900 54700 65800 32600 108000 37700 39200 40700 54900 43700 22000 39300 80000 127000 120000 20600 32500 58500 52500 43100 84300 194000 2013
"78" 49900 75500 71100 53200 146000 18900 14600 13500 26700 27300 70400 29500 32300 24400 40700 44300 10300 20800 49200 51300 50800 10900 20000 39300 33800 45500 91200 144000 2014
"79" 49800 68100 71600 85200 150000 23000 13200 42100 48900 34800 102000 33100 30500 29700 43700 50200 19100 35100 68200 102000 98000 37300 21300 30600 33900 40300 70500 127000 2015
"80" 38300 51500 53700 61900 142000 16400 10200 23900 37500 65700 99800 23700 27700 16300 25600 44000 9910 15800 32600 88300 98300 18400 8890 34300 18600 36300 75700 175000 2016
"81" 70800 103000 117000 91900 151000 25000 11000 40800 60300 25100 84300 27600 34100 22400 40900 40500 9930 22500 46400 74000 73500 31500 27400 56000 35600 36300 90300 2e+05 2017
